0,0,0,0,0,0,0,0.055906153,0.135888756,0.174291475,0.164545405,0.103029771,0,0,0,0,0.16629779,0.516001554,0.935366333,1.372035723,1.781328615,2.126252929,2.352147102,2.354104578,2.240097244,2.061025569,1.836821566,1.578901216,1.294840602,0.98962054
0,0,0,0,0,0.178928258,0.336329612,0.461461832,0.557097508,0.617557239,0.629553058,0.579612366,0.467221212,0.321458925,0.197735037,0.160771608,0.329472463,0.651236946,1.058319595,1.475978931,1.846382653,2.133204725,2.298573274,2.311183413,2.214045494,2.048586341,1.835395599,1.58753459,1.314002158,1.020555307
0,0,0,0.10889458,0.354143545,0.548572561,0.703355428,0.834645292,0.952441683,1.051215986,1.109393492,1.099473008,1.006491381,0.841257491,0.639119141,0.488438375,0.530855105,0.798302378,1.188824541,1.573820629,1.877236116,2.072517462,2.165024843,2.177773169,2.108718598,1.967263674,1.772298526,1.539976826,1.281759634,1.004596899
0,0,0.142810298,0.45371408,0.701655183,0.8851617,1.023699944,1.150159166,1.288951314,1.436869303,1.561403386,1.612499028,1.552743479,1.383134625,1.114412014,0.806883095,0.699817584,0.942200793,1.346251969,1.698434027,1.925581203,2.029529114,2.042673826,2.044890966,1.983432965,1.853617771,1.671228709,1.452745416,1.210625843,0.952021146
0,0.059357619,0.442311169,0.774929126,1.026388334,1.185681416,1.282971793,1.380186713,1.52782168,1.725008339,1.927293361,2.053638548,2.022319655,1.841064009,1.523344517,1.047590428,0.79677701,1.087587255,1.539195073,1.847669781,1.999341457,2.0435652,2.019932414,1.968088077,1.876677813,1.736013347,1.553431771,1.342202192,1.114007803,0.874529806
0,0.288900729,0.702490276,1.072290958,1.334608594,1.454459139,1.474904893,1.503403527,1.638138984,1.865892895,2.130773365,2.340343237,2.330250448,2.116781757,1.689152885,1.16909538,0.932171816,1.194478904,1.684663296,1.930324473,2.040623753,2.064415608,2.017816872,1.920062717,1.78886827,1.626163233,1.433109569,1.22184235,1.00481591,0.784638044
0.029911758,0.463126675,0.908470405,1.340910646,1.630679541,1.696260358,1.61054476,1.528867722,1.624659748,1.836595517,2.109594925,2.355915541,2.446169821,2.274931007,1.759512643,1.112410509,0.844427401,1.088273385,1.531535661,1.842995512,1.995413604,2.041581487,1.99403161,1.86129857,1.706286946,1.52907211,1.320749514,1.103010944,0.896137396,0.696126507
0.149912663,0.585005659,1.045761108,1.559481194,1.889783639,1.873124969,1.679592639,1.520969644,1.515196228,1.652212462,1.890078818,2.175608288,2.410177948,2.411778239,1.860096932,0.874863152,0.578556793,0.898844369,1.354930708,1.701995459,1.888428296,1.953108646,1.923782229,1.76656723,1.631301265,1.458493768,1.229188165,0.998833179,0.804621927,0.625104556
0.223590336,0.65741833,1.126902949,1.6193569,1.967106342,1.833405906,1.575558528,1.374041665,1.294496736,1.343757911,1.51612527,1.815131086,2.187183438,2.430415569,2.104504108,0.621489286,0.5280516,0.928637701,1.346237633,1.643618541,1.782252416,1.792730403,1.737240684,1.651220594,1.582121254,1.438989063,1.168732827,0.931023185,0.75208229,0.589108564
0.24397992,0.645365854,1.038883948,1.363356191,1.52265076,1.439477094,1.252274017,1.089310071,0.996603879,0.985558645,1.071501417,1.325768978,1.776041599,2.114645728,1.920600309,1.257445577,1.120692192,1.319953365,1.547428808,1.710365132,1.734800368,1.607685662,1.492643952,1.485741614,1.541560522,1.481743455,1.14361614,0.925958754,0.760792032,0.602456847
0.224383913,0.577084269,0.864318602,0.958636879,0.928258896,0.892644094,0.832090279,0.770464114,0.724539681,0.713000971,0.756499594,0.931152105,1.446592025,1.825329065,1.879535699,1.770724767,1.818991899,1.790869101,1.813914222,1.842357995,1.776899099,1.504590183,1.247363985,1.394298048,1.532459916,1.486889534,1.254619075,1.026734911,0.84188601,0.668089612
0.209273615,0.531469147,0.793280451,0.587242842,0.452209498,0.464580059,0.511409386,0.559221999,0.579776166,0.629635328,0.761541029,1.039191052,1.466294546,1.775971968,1.852821971,1.889859273,1.970576654,1.986186811,1.971844671,1.941801837,1.839209731,1.643363644,1.524302465,1.614877215,1.678408628,1.597513769,1.403753795,1.180417494,0.97084646,0.771830645
0.316452329,0.551939607,1.055824757,0.300289392,0.46424632,0.410721302,0.480553267,0.562869459,0.58863241,0.702116767,0.949333968,1.307524784,1.655247855,1.78841114,1.690787007,1.732803025,1.863487836,1.961057688,2.004078679,2.002048383,1.953304598,1.887506391,1.891665165,1.972507238,1.913479662,1.76815256,1.565640684,1.338842647,1.112301432,0.890862157
0.654827356,0.907897205,1.131463473,1.051425934,1.323326826,0.974101254,0.738932143,0.750063658,0.691275001,0.846257189,1.142434321,1.504434617,1.766417027,1.592438221,1.40837431,1.520811722,1.711879015,1.873657574,1.980698025,2.037961546,2.060709452,2.078095604,2.11941175,2.147953113,2.073763272,1.913730476,1.707121411,1.477982914,1.242061458,1.005249576
0.931920877,1.194029706,1.399265903,1.544577979,1.611051982,1.305230359,0.938608646,0.875365611,0.888331322,1.026196614,1.274771624,1.536700736,1.653300784,1.524239387,1.396225836,1.462706752,1.636562006,1.813957351,1.956441658,2.058639618,2.129966986,2.184646435,2.225771963,2.226595573,2.15216983,2.00465367,1.808323433,1.584409452,1.346694398,1.1018185
1.120131968,1.384356618,1.589079684,1.713174044,1.690821876,1.464819736,1.195833055,1.081781416,1.09393028,1.199160758,1.367253233,1.524711022,1.583907614,1.529663713,1.474380559,1.518520391,1.648576206,1.80643826,1.953068983,2.073312544,2.165691706,2.232051067,2.267563875,2.256597277,2.183966444,2.050053865,1.868384771,1.654616331,1.420687863,1.173581057
1.235235213,1.489458838,1.675677662,1.769621326,1.739952132,1.592020827,1.414701474,1.308197601,1.295112415,1.355295055,1.45484609,1.545367136,1.584446159,1.573289869,1.564026907,1.606982025,1.706966105,1.837342074,1.970002604,2.087383599,2.180940188,2.245462694,2.273926519,2.256584615,2.185942261,2.062391542,1.893865937,1.691110182,1.463637348,1.217985605
1.290279688,1.530943947,1.701516474,1.78636834,1.776547924,1.689576319,1.577428111,1.496162524,1.470806582,1.495669753,1.54823438,1.599600632,1.628932346,1.638650789,1.653447003,1.698492949,1.77992361,1.885758924,1.997985676,2.101195902,2.18449923,2.239750925,2.259449428,2.236569291,2.166650782,2.049969426,1.891403481,1.698210296,1.477572484,1.235088473
1.298489934,1.528618522,1.692169795,1.781514592,1.797416205,1.756719403,1.691895681,1.636937941,1.611489952,1.616929841,1.641995712,1.671239424,1.694300257,1.712618986,1.737950975,1.782724934,1.850855998,1.936262258,2.027380257,2.112029696,2.179727451,2.221842234,2.231132404,2.201877777,2.130778301,2.017771449,1.865854172,1.679894111,1.465146292,1.226126799
1.270184824,1.494640983,1.658234519,1.758333423,1.799133647,1.794368314,1.765514939,1.734609966,1.716383303,1.71513605,1.72694684,1.744721344,1.763634853,1.784475418,1.812802543,1.854508655,1.911321912,1.97937234,2.050782725,2.116191323,2.166552533,2.193912606,2.191671375,2.154875659,2.080666541,1.968577032,1.820332711,1.639136225,1.428736597,1.192625472
1.077947617,1.297879732,1.6101408,2.438552675,3.356617033,4.080170401,4.442088808,4.377102071,3.945570926,3.312664155,2.669040265,2.146443636,1.786052802,1.560474812,1.414940408,1.301573046,1.196979202,1.104119234,1.046825538,1.062525526,1.184862493,1.396161136,1.580752541,1.568234086,1.252835315,0.660725514,0,0,0,0
1.642958796,2.07595664,2.643088627,3.545644528,4.552542368,5.339886114,5.66097663,5.394104379,4.622823635,3.625397614,2.714735983,2.069402336,1.701115043,1.524229845,1.432319184,1.347488131,1.239373476,1.116682887,1.013571556,0.987172878,1.118787372,1.446674862,1.811504466,1.912429772,1.560919599,0.868377511,0.019699745,0,0,0
2.111296265,2.774825785,3.591969474,4.634481826,5.753263864,6.642823734,6.955651037,6.442868302,5.190798168,3.688535498,2.472079365,1.758501439,1.468356423,1.416580416,1.428243062,1.393169146,1.286696437,1.132575368,0.971631403,0.867008303,0.935811996,1.346510045,1.92775322,2.181120487,1.694238857,0.850416009,0,0,0,0
2.416965806,3.227609513,4.212286937,5.404504005,6.689433399,7.776598187,8.207208932,7.468926249,5.545356513,3.352040286,1.852837047,1.210172507,1.123254027,1.27884635,1.439569092,1.4624397,1.362610656,1.191961057,0.991398724,0.812396327,0.766838123,1.077552826,1.785875474,2.200731039,1.426183164,0.522276704,0,0,0,0
2.487448094,3.33198415,4.363832937,5.627875448,7.051962859,8.385206084,9.1275733,8.353817813,5.520558847,2.442206161,0.876384529,0.54427323,0.768194308,1.155893922,1.473015547,1.539099749,1.461760559,1.309573825,1.121629614,0.927697448,0.775881985,0.836859941,1.451672467,1.524530037,0.723434687,0.033079201,0,0,0,0
2.306812652,3.060306238,3.983711312,5.1631224,6.574070491,7.990543752,8.95601608,8.499164752,4.831224781,1.118116379,0,0.06853732,0.572616102,1.097765683,1.454037852,1.58196694,1.557127856,1.460984774,1.34311419,1.237903833,1.181198275,1.329621072,1.576872955,1.264404542,0.486365055,0,0,0,0,0
1.927155803,2.48044599,3.128451236,4.036700935,5.236905678,6.430837371,7.031587749,6.115669882,3.324906827,0.696738448,0,0.036995203,0.663634607,1.180623957,1.478682962,1.604207492,1.623211359,1.594137033,1.560632885,1.557828816,1.631318117,1.825767954,1.91635251,1.226967576,0.378425837,0,0,0,0,0
1.454268474,1.757082939,2.006438837,2.501716377,3.4172392,4.303059509,4.525470218,3.570724227,1.65966779,0.301029483,0,0.285986384,0.958942701,1.328284149,1.490180805,1.581576375,1.631535139,1.661273037,1.692521587,1.743592008,1.821845227,1.872422345,1.650102978,0.941621661,0.200927409,0,0,0,0,0
1.02863302,1.103599713,1.029959224,1.077969074,1.774115304,2.421280873,2.531980053,1.905533846,0.860926658,0.121087966,0,0.364695191,1.051815748,1.221083902,1.349153795,1.467507657,1.563841808,1.644233046,1.713242493,1.766527048,1.778879722,1.67444638,1.326078483,0.718502337,0.035701195,0,0,0,0,0
0.799874668,0.815301983,0.6412935,0.551056491,0.84072492,1.214336181,1.321685147,1.054801258,0.573755668,0.173825757,0.021818376,0.099258579,0.269247293,0.744822015,1.078737443,1.292455391,1.443350729,1.563581318,1.649144035,1.680812277,1.62801412,1.439478484,1.065889088,0.521922008,0,0,0,0,0,0
0.786226592,0.913886538,0.738247963,0.502759963,0.505510156,0.645362115,0.761274408,0.766534028,0.650520914,0.450324735,0.239210585,0.120121697,0.212311042,0.576495952,0.936371778,1.170843347,1.329922597,1.467832474,1.550144009,1.549591839,1.446696486,1.214627231,0.836385138,0.326204059,0,0,0,0,0,0
0.862990022,1.208721399,1.025836343,0.704180275,0.503723244,0.47643649,0.60790486,0.845858339,1.034355031,0.979451518,0.675117251,0.442295868,0.53048479,0.80271409,1.046549814,1.19491912,1.286398172,1.410917044,1.457095825,1.412405644,1.265984481,1.003773943,0.620220566,0.125686941,0,0,0,0,0,0
0.983615476,1.276861221,1.221309976,0.922562051,0.62945141,0.491644543,0.631269134,1.103846365,1.619340617,1.721406507,1.186266525,0.756043131,0.973724165,1.225305122,1.327697407,1.360993467,1.376730207,1.401484723,1.381614939,1.28302528,1.092878966,0.801805244,0.407224222,0,0,0,0,0,0,0
0.998586416,1.27303189,1.311374903,1.075013254,0.791938281,0.622696503,0.732854605,1.38642726,2.123902338,2.439082861,1.604328338,0.89220643,1.458303247,1.625543605,1.608063654,1.549318753,1.484096057,1.415612623,1.31651134,1.157756355,0.922077967,0.599985824,0.188466884,0,0,0,0,0,0,0
0.91018119,1.178108982,1.25496303,1.140473223,0.966725558,0.891807756,1.085522983,1.629472101,2.225075298,2.388538157,1.870880963,1.41219914,1.606511603,1.774898308,1.753853317,1.659928127,1.540641423,1.404295956,1.237859376,1.022169329,0.741860226,0.387401301,0,0,0,0,0,0,0,0
0.741437502,1.01580916,1.143352408,1.144954449,1.10665127,1.145921768,1.363827473,1.755809319,2.131732932,2.228271907,1.99497211,1.754358437,1.749326161,1.804791642,1.775216861,1.670357007,1.52100477,1.339517803,1.122447859,0.859114077,0.538493587,0.152458856,0,0,0,0,0,0,0,0
0.512519755,0.809815077,0.995036164,1.093346615,1.163554147,1.278709905,1.487557934,1.767142863,2.008341945,2.089164544,2.001052086,1.87451484,1.813789586,1.784168297,1.717805277,1.595123843,1.423566186,1.210526313,0.956041737,0.654746587,0.299574787,0,0,0,0,0,0,0,0,0
0.230603942,0.559176746,0.798807923,0.971957826,1.117565751,1.277629985,1.473927796,1.68699932,1.859072815,1.934432332,1.910294454,1.838839182,1.767013725,1.69334665,1.591711181,1.445727559,1.252816672,1.014704378,0.73129638,0.399672299,0.015400925,0,0,0,0,0,0,0,0,0
0,0.255608886,0.541969717,0.770945441,0.967627643,1.155744932,1.345196642,1.523655182,1.6616713,1.732946751,1.735009557,1.688699814,1.615575719,1.519887455,1.392653691,1.224522793,1.011168009,0.751421065,0.444307367,0.087766502,0,0,0,0,0,0,0,0,0,0
0,0,0.215877896,0.48647993,0.718899811,0.926887239,1.115514228,1.278050673,1.399743168,1.467672771,1.479576965,1.443657498,1.369823523,1.261789749,1.116829343,0.930237098,0.698539326,0.419770105,0.092448345,0,0,0,0,0,0,0,0,0,0,0
1.785347906,1.707023286,1.639720201,1.572416918,1.510367637,1.452963732,1.399040078,1.349949056,1.309159825,1.280919187,1.269051231,1.276077314,1.302308452,1.345180405,1.399607563,1.458587371,1.513740433,1.556070298,1.576886638,1.568517414,1.524138653,1.435383398,1.285886567,1.068880482,0.826060578,0.584911292,0.349491523,0.118689951,0,0
1.708187245,1.620970362,1.548457484,1.485478641,1.427479572,1.369130549,1.308424661,1.248575235,1.195788974,1.156735785,1.137010729,1.140534235,1.168582961,1.218040004,1.282779018,1.354356687,1.422352804,1.475379189,1.50256737,1.495002581,1.446235069,1.35059491,1.19350791,0.94441415,0.694028218,0.458755619,0.231635887,0.009423194,0,0
1.64204379,1.54404402,1.467477067,1.412169365,1.361789893,1.301249563,1.228889213,1.15239071,1.082346874,1.028430758,0.997925092,0.995700359,1.02449879,1.080143911,1.155771053,1.241306512,1.323578092,1.387630334,1.418968739,1.405996769,1.341104306,1.218160093,1.025368086,0.770716667,0.539209121,0.319129578,0.104257693,0,0,0
1.600611284,1.494165614,1.414296269,1.373392679,1.330488675,1.259459302,1.165044695,1.063076147,0.969599844,0.897004451,0.853636751,0.844697149,0.872208283,0.933278355,1.020696007,1.122614385,1.222389912,1.300124718,1.335987847,1.314601696,1.228315582,1.076801733,0.86668792,0.625417633,0.395988345,0.182446469,0,0,0,0
1.596045778,1.498032721,1.41970396,1.400341245,1.349469656,1.248020825,1.115675768,0.978315451,0.856302673,0.762810364,0.705444604,0.688418668,0.713555053,0.779472794,0.879898329,1.001751547,1.124436468,1.221608724,1.265837854,1.23635403,1.1273926,0.950329547,0.72840332,0.491350751,0.264422818,0.054459516,0,0,0,0
1.620188352,1.560409307,1.535720229,1.504033532,1.411578143,1.253634603,1.068785755,0.890647278,0.739912837,0.627311854,0.557216122,0.531588361,0.552632768,0.621926856,0.736117256,0.882026003,1.034782396,1.160078272,1.219702405,1.183065114,1.045995177,0.837177401,0.597536022,0.3587992,0.13715043,0,0,0,0,0
1.634847677,1.602845797,1.619587541,1.610039209,1.464831413,1.238162423,1.002133534,0.790482464,0.619881892,0.496361953,0.418616195,0.384652635,0.397910714,0.466312387,0.593267755,0.766982993,0.957163174,1.120279994,1.204900339,1.161045125,0.980994341,0.726052437,0.464026211,0.225763269,0.015472699,0,0,0,0,0
1.60729721,1.557750963,1.581750353,1.610398293,1.414150078,1.152377835,0.897033,0.675504712,0.503483289,0.38427689,0.308245786,0.266158875,0.263845824,0.321931161,0.458050908,0.663240389,0.8960848,1.101239979,1.2187883,1.168189398,0.914385599,0.598118362,0.321985874,0.09766344,0,0,0,0,0,0
1.548436563,1.421322763,1.358912757,1.333112577,1.201695086,0.989655697,0.764868036,0.563554702,0.411910849,0.317581925,0.256365,0.204801634,0.172314682,0.20254949,0.342158505,0.587953707,0.867551025,1.101934479,1.232909023,1.168448925,0.79713086,0.438003738,0.1839608,0,0,0,0,0,0,0
1.522076698,1.305115082,1.120319366,1.060325484,0.969483587,0.825771771,0.660687319,0.500683522,0.383874017,0.33778319,0.303820506,0.237386653,0.152758252,0.127844729,0.263267969,0.580883658,0.921728488,1.155382068,1.260716144,1.080290579,0.625593055,0.29641335,0.110290234,0,0,0,0,0,0,0
1.59537061,1.345563587,1.122153249,0.970215541,0.853047975,0.751682396,0.657919136,0.562105736,0.486719012,0.506034233,0.486523337,0.390604734,0.23812007,0.13586998,0.246988561,0.714128555,1.159889134,1.331545115,1.486232379,1.317058814,0.672011375,0.378117418,0.206850166,0.054955968,0,0,0,0,0,0
1.779531035,1.537314631,1.290958964,1.058898851,0.880456693,0.806900555,0.795724538,0.803385137,0.826842785,0.86430701,0.797956778,0.635654461,0.458839128,0.342388967,0.415627062,1.072512612,1.637914181,1.649760246,1.911652291,1.975681186,1.331908796,0.814337603,0.501746481,0.266120615,0.059720538,0,0,0,0,0
2.043474707,1.834259011,1.592718568,1.306005777,1.042510271,0.988241285,1.03867184,1.143721811,1.274400165,1.32236424,1.148349169,0.899222714,0.766049058,0.847406345,1.158495523,1.619599828,1.977035353,2.100847717,2.245100324,2.217949865,1.786676341,1.267450589,0.856134295,0.530157601,0.257524571,0.015995599,0,0,0,0
2.337671357,2.180317621,1.987169612,1.697006697,1.355559284,1.244858265,1.287911602,1.420103833,1.587454998,1.652863026,1.325945092,0.989365406,0.909792502,1.212386878,1.75988853,2.033185078,2.222374638,2.335024588,2.384667943,2.286630331,1.969818233,1.541774502,1.127429809,0.763848724,0.447900636,0.167671427,0,0,0,0
2.604037275,2.488220164,2.348016864,2.10504055,1.609477401,1.448275682,1.456844471,1.531318925,1.596244124,1.510461834,1.169264354,0.79211437,0.700090725,1.077048366,1.636733591,2.013310511,2.225845634,2.34120913,2.362324769,2.255990796,2.00575611,1.658943188,1.285075391,0.926369521,0.596715092,0.295743966,0.01805271,0,0,0
2.800611999,2.688337326,2.53313254,2.261691736,1.882252482,1.645280058,1.556392581,1.517283134,1.441014946,1.236920744,0.878477325,0.487196848,0.317656313,0.728790452,1.288465285,1.736861384,2.02525618,2.181647589,2.221020762,2.140980809,1.94638171,1.666576628,1.343741922,1.012068846,0.690444077,0.38583836,0.098590591,0,0,0
2.922113015,2.790694469,2.608167547,2.347512352,2.041658381,1.786391528,1.608684365,1.460850371,1.279452978,1.015594679,0.675099587,0.356499702,0.261825622,0.542627377,1.004165408,1.434134228,1.749888695,1.939704262,2.009712352,1.966685871,1.822502164,1.599569893,1.326791292,1.030593958,0.72944856,0.43358392,0.147221336,0,0,0
2.986559853,2.835489765,2.63959196,2.392906653,2.11833607,1.857358676,1.627220544,1.408941262,1.17018162,0.892756365,0.599078433,0.368490705,0.317243242,0.501614239,0.837419313,1.193868657,1.486933302,1.682517816,1.772924692,1.7617069,1.659620614,1.483999238,1.25603903,0.996258451,0.7209754,0.441166054,0.16310814,0,0,0
3.013341161,2.848063459,2.646232695,2.408121823,2.147421222,1.884254172,1.629205561,1.377356257,1.118147913,0.852032198,0.605101002,0.432047148,0.394570959,0.515141164,0.750572385,1.023718164,1.268648268,1.446616792,1.541139569,1.549689454,1.478567834,1.340047325,1.149674539,0.923298648,0.674653015,0.414145723,0.148783533,0,0,0
3.015966413,2.841260636,2.636666676,2.403839274,2.15110511,1.889727055,1.627565695,1.366832606,1.108879155,0.86274386,0.651588036,0.510696268,0.472892764,0.546920178,0.707226885,0.90645347,1.097105604,1.244721008,1.330029042,1.346013837,1.294396571,1.18275011,1.021984896,0.824046674,0.600070887,0.359262333,0.108510211,0,0,0