0,0,0.037847252,0.264072662,0.460134266,0.627219691,0.767286421,0.88302421,0.977610729,1.054252636,1.115590345,1.163134104,1.196956437,1.215845429,1.217970746,1.201845381,1.167152473,1.115065214,1.048018031,0.969249518,0.882639046,0.793355138,0.708895136,0.631685257,0.532672094,0.418781563,0.28732085,0.147209266,0.010138828,0
0,0,0.151936612,0.373929349,0.563989126,0.723183504,0.853675568,0.958780001,1.042701717,1.109902677,1.164183921,1.207720945,1.240414512,1.259968431,1.262921241,1.246322076,1.209184439,1.152909802,1.080592605,0.995805789,0.901681663,0.801152226,0.699999225,0.615448221,0.552321093,0.458388221,0.32442332,0.179958033,0.048223983,0
0,0,0.248435019,0.466937971,0.651271235,0.802139312,0.921763723,1.014147245,1.084864805,1.140227156,1.185909637,1.225364262,1.258516507,1.281503748,1.28819979,1.273256256,1.234855552,1.1753293,1.099596607,1.012779862,0.91831892,0.817502524,0.71212479,0.6230793,0.60859717,0.509736055,0.349025657,0.190872359,0.06676678,0
0,0.076056577,0.327983529,0.544261362,0.723656493,0.866095291,0.973514501,1.050544664,1.104505878,1.14434157,1.178638537,1.21319833,1.248609308,1.278908812,1.293473676,1.282737243,1.243788106,1.18119128,1.103595308,1.019621517,0.935243719,0.853812377,0.781273765,0.739951894,0.71778059,0.553831876,0.348207462,0.175548739,0.069622875,0.018849948
0,0.137498363,0.390917194,0.60695461,0.783042151,0.917677944,1.011832364,1.070440398,1.10294027,1.121877355,1.140026254,1.167182008,1.206298565,1.249272914,1.277734727,1.274096634,1.234010175,1.166608619,1.086694842,1.007988745,0.939591774,0.88519703,0.843856758,0.80533857,0.722749547,0.539437276,0.31445934,0.139860447,0.07285096,0.080977069
0,0.179652025,0.436953057,0.655613378,0.831267073,0.960073778,1.040800566,1.077826984,1.083123746,1.074121498,1.068766793,1.082501249,1.124494213,1.187094691,1.238835586,1.245469576,1.201645891,1.125449229,1.040390307,0.966011784,0.913644596,0.884269656,0.865181834,0.821518648,0.70493673,0.511199532,0.290354576,0.12648654,0.119614001,0.202675168
0,0.200898198,0.464770809,0.689777388,0.869452611,0.996584835,1.065692374,1.078506031,1.050240758,1.005940798,0.968050574,0.956242516,0.992561707,1.080882414,1.17149017,1.191431607,1.140251895,1.050900379,0.957423273,0.885309243,0.847169887,0.840928683,0.845912737,0.818738937,0.698339448,0.519771193,0.338717891,0.235271569,0.278595686,0.433867946
0,0.198617822,0.47158859,0.707124491,0.89678576,1.02932826,1.092370474,1.079785612,1.010874848,0.927788756,0.852991593,0.796690763,0.800591969,0.905982365,1.055309772,1.095730645,1.042157161,0.938750202,0.836709581,0.767214436,0.742910597,0.760960065,0.792068455,0.78260225,0.698162913,0.568633948,0.466853825,0.457509756,0.607015408,0.755352974
0,0.169288679,0.452981537,0.702782394,0.908950661,1.056416057,1.124644843,1.089443145,0.968216138,0.855303273,0.760639505,0.644649825,0.563744608,0.655042086,0.840648688,0.952101493,0.908876371,0.792444274,0.689630762,0.629157279,0.619247723,0.667488153,0.741451221,0.761349527,0.703909056,0.627748011,0.629045156,0.767010046,0.941141427,0.944181585
0,0.109010004,0.403262795,0.669392958,0.897610324,1.06944822,1.15503702,1.109544039,0.916186549,0.81030186,0.739938319,0.597004432,0.374230385,0.430314107,0.619009832,0.797127485,0.749318193,0.629072526,0.54925488,0.513068511,0.513923614,0.590955312,0.741387657,0.786713833,0.72547123,0.657102541,0.705604171,0.947353266,1.181967258,1.011208892
0,0.014568037,0.316612096,0.598140379,0.851827311,1.058724284,1.180278035,1.147367307,0.935600996,0.86047139,0.755233255,0.646927357,0.401827382,0.363958099,0.459558964,0.610164478,0.606217661,0.508235693,0.480625529,0.482953224,0.503626966,0.57841301,0.826345682,0.849671837,0.764721669,0.673084653,0.679328442,0.919249514,1.097135557,1.038390867
0,0,0.189096889,0.480470831,0.757896355,1.00867794,1.203931975,1.310314854,1.304980516,1.023172323,0.731175995,0.444136262,0.425435662,0.448823118,0.523812041,0.603259063,0.601965051,0.550866662,0.535786935,0.564412685,0.635405576,0.77078104,0.886302757,0.895942295,0.819519125,0.740794988,0.748356722,0.879745584,0.994495673,0.991809061
0,0,0.021984165,0.312187184,0.601892191,0.886703777,1.138113849,1.307560414,1.290587403,1.014171436,0.740477696,0.649561286,0.572617248,0.613791424,0.696086008,0.734980345,0.711854853,0.673247578,0.662965883,0.697043226,0.774814214,0.874776397,0.936607786,0.931738025,0.877624276,0.824390055,0.822920763,0.879729856,0.934973852,0.933205102
0,0,0,0.101833557,0.384614725,0.68201329,0.946999359,1.110619998,1.079080275,0.774284005,0.531993569,0.52988562,0.608647006,0.727060047,0.8502388,0.865743926,0.835844151,0.803115481,0.794285092,0.820023185,0.874750001,0.935406581,0.969546819,0.962124238,0.924993574,0.886928502,0.873871874,0.886961,0.898931437,0.879780711
0,0,0,0,0.140483379,0.435375064,0.684706029,0.815813398,0.751179243,0.479784921,0.224575996,0.339356343,0.543252705,0.730853923,0.8678801,0.91812147,0.914129523,0.898248764,0.894163,0.910657983,0.943096897,0.9761572,0.99206726,0.982642704,0.954161922,0.921861704,0.898614738,0.884586457,0.866424842,0.827393988
0,0,0,0,0,0.205080186,0.424788956,0.540335876,0.50888747,0.348009773,0.227731716,0.312482321,0.509029627,0.695284749,0.834524826,0.911259189,0.939494745,0.946148901,0.951225206,0.963524909,0.981662915,0.997350671,1.001114651,0.988440863,0.962227486,0.929958817,0.897764131,0.865374186,0.825656794,0.768824763
0,0,0,0,0,0,0.200510994,0.325683739,0.357677064,0.3231202,0.305390954,0.365865594,0.50533797,0.660183771,0.789078308,0.876469941,0.925913765,0.951473117,0.966732616,0.979317625,0.990238454,0.995930796,0.9917421,0.975269431,0.947691917,0.91241181,0.872082799,0.826094434,0.770204299,0.698340076
0,0,0,0,0,0,0.005615435,0.151614539,0.242063271,0.293530226,0.326545012,0.391060421,0.497924854,0.62239201,0.736251538,0.824295025,0.884325575,0.922259913,0.945936055,0.96090083,0.969062508,0.969470371,0.960172013,0.940016655,0.909420118,0.869761393,0.821941973,0.765128105,0.696491505,0.612004843
0,0,0,0,0,0,0,0,0.114725129,0.209152755,0.283682322,0.363769625,0.461399909,0.568544169,0.670152754,0.755055751,0.819197758,0.864095276,0.893623377,0.911284135,0.918907858,0.916706923,0.904109347,0.880672505,0.846512634,0.802056901,0.747363117,0.681499638,0.602389276,0.507178365
0,0,0,0,0,0,0,0,0,0.088336224,0.191497681,0.288835438,0.388537595,0.4892204,0.583910226,0.665771552,0.731134676,0.779636599,0.812849921,0.83273168,0.840655178,0.837182744,0.822345846,0.7960542,0.758312965,0.709123096,0.648166364,0.574507523,0.486514783,0.382046152
1.212601744,1.253826557,1.286642573,1.311666176,1.329527106,1.340867638,1.346335585,1.346560254,1.342109899,1.333449684,1.320940876,1.304924709,1.28589906,1.264723271,1.242710217,1.221444307,1.20225285,1.185459934,1.169775071,1.152227841,1.128817789,1.095627559,1.049882683,0.990531103,0.918209856,0.83469908,0.742077381,0.641886574,0.534648727,0.41989599
1.172055581,1.211096686,1.241695783,1.264500663,1.280169457,1.289384553,1.292860883,1.291320153,1.285413455,1.27561332,1.262150136,1.245098241,1.224674688,1.201680154,1.177839633,1.155705122,1.13788185,1.125692918,1.11790264,1.11038234,1.097169276,1.072422942,1.032203604,0.975309383,0.903114934,0.818692652,0.725473192,0.625851931,0.520424304,0.408227554
1.125005564,1.161930149,1.190388403,1.211050684,1.224580246,1.23167826,1.233135504,1.229827672,1.22259455,1.212006881,1.198141379,1.180588872,1.158897089,1.133419146,1.106178806,1.081098472,1.062986207,1.055208527,1.057046006,1.062659517,1.06289778,1.04890705,1.015130027,0.960307561,0.88693921,0.800019385,0.705086385,0.605797605,0.502561121,0.39335258
1.071705039,1.106605522,1.133050917,1.151720353,1.163230082,1.168233962,1.167575367,1.162366581,1.153842504,1.142920805,1.129624914,1.11280586,1.09068299,1.062348466,1.029643429,0.998220484,0.976525035,0.971965267,0.985456585,1.008559243,1.026744405,1.026468638,1.000251526,0.947147272,0.871112947,0.779663111,0.681664199,0.582826968,0.482662217,0.376983934
1.012358773,1.04534604,1.069978722,1.086935376,1.096688029,1.099685068,1.096705304,1.089163723,1.079034769,1.068131749,1.056847505,1.043112728,1.022793987,0.992200886,0.951791103,0.908935889,0.877625557,0.873005552,0.900284958,0.946912486,0.988914082,1.005569666,0.988129401,0.937081129,0.857568801,0.759366745,0.656633236,0.559176091,0.463589405,0.361586992
0.947096708,0.978270146,1.00137544,1.017118672,1.025675035,1.026963032,1.021365196,1.010537334,0.997664837,0.986501368,0.978945938,0.972217711,0.958356592,0.928252414,0.878683966,0.817894061,0.766964335,0.754907107,0.797612222,0.875551148,0.948056221,0.983585195,0.976032156,0.929866381,0.84929554,0.743410586,0.6335202,0.540081579,0.45025105,0.350047014
0.875948793,0.905315625,0.9272385,0.942601746,0.951093864,0.9515111,0.943093947,0.927317185,0.90900969,0.895561999,0.892934349,0.898997119,0.899958918,0.87674559,0.818905329,0.734538698,0.650922869,0.616755362,0.674597729,0.789816195,0.89801223,0.949446221,0.953872412,0.921432622,0.849513842,0.742704023,0.624391437,0.537834784,0.44836366,0.343538827
0.79884354,0.826145677,0.847158575,0.863407978,0.873962024,0.87550288,0.864681746,0.841688212,0.812930196,0.79149098,0.792424911,0.818635984,0.847964139,0.842845254,0.780047272,0.670861237,0.550638493,0.475330353,0.539958106,0.675131489,0.813707113,0.873177061,0.902399504,0.901862517,0.854001131,0.761723717,0.655427993,0.558753526,0.455041929,0.337093231
0.715677757,0.740084221,0.760026739,0.778830841,0.795141611,0.801933212,0.790649808,0.758311051,0.711889654,0.670631002,0.666793705,0.720305393,0.798096702,0.827636726,0.760527389,0.622050287,0.477229357,0.383302749,0.40937631,0.517285878,0.636486154,0.725969367,0.806707161,0.858053717,0.842658877,0.765275217,0.668141455,0.568939447,0.449102998,0.318014036
0.6265217,0.646206668,0.663738376,0.68676089,0.71477633,0.734529956,0.727099247,0.684285603,0.613956496,0.535496522,0.503694811,0.586662022,0.736377028,0.823917088,0.74424626,0.557397339,0.370844146,0.265964358,0.270234788,0.348254306,0.447562195,0.54623723,0.675233834,0.773849487,0.780973434,0.714263141,0.625758917,0.526014634,0.407525855,0.273969885
0.531940413,0.54379916,0.55529866,0.582908864,0.631325702,0.677981199,0.681035204,0.624196952,0.52968303,0.40869558,0.307434797,0.40799097,0.623903542,0.788934231,0.693135353,0.464874298,0.232588957,0.126711983,0.134129182,0.202144181,0.296407617,0.406113295,0.529744918,0.624432984,0.646222421,0.601748228,0.532445243,0.442212638,0.331056437,0.202068559
0.432891624,0.433145774,0.432686761,0.461155897,0.539568599,0.639170719,0.662820066,0.571392394,0.442893331,0.302853891,0.126008644,0.209903425,0.436084341,0.601266865,0.580133588,0.387955478,0.116214752,0.026851849,0.035662341,0.094025588,0.180114263,0.28170169,0.384946994,0.462379305,0.489209245,0.466187441,0.411140755,0.331216458,0.228479198,0.1059795
0.326907635,0.31524618,0.301626444,0.321393888,0.427556467,0.623854103,0.694343575,0.513218705,0.337403469,0.167131643,0,0.090583356,0.271998794,0.408802574,0.448518749,0.368492603,0.144869359,0.014052648,0,0.021939021,0.087458004,0.168460881,0.248521913,0.308435754,0.333079185,0.319657574,0.274278714,0.202296215,0.106770655,0
0.201604391,0.195996093,0.185004802,0.200310009,0.302778482,0.601026774,0.766886473,0.441368222,0.309667217,0.229719007,0.187867284,0.151017012,0.190676972,0.247709658,0.286016653,0.248471227,0.122399456,0.010139334,0,0,0.009006942,0.065179919,0.121878955,0.164319252,0.181504391,0.169085641,0.12809155,0.06120533,0,0
0.081040897,0.091493834,0.103706805,0.14931722,0.282484823,0.509062326,0.616607922,0.485995541,0.38382411,0.322747947,0.27598303,0.208457677,0.15163562,0.121369958,0.135457348,0.115806204,0.047789803,0,0,0,0,0,0.002174079,0.027421008,0.034194814,0.017678875,0,0,0,0
0,0.002204589,0.042664647,0.115839207,0.242140375,0.394270374,0.477345195,0.453761991,0.397423631,0.34231127,0.28364045,0.210725069,0.126019565,0.064227324,0.036953404,0.00970066,0,0,0,0,0,0,0,0,0,0,0,0,0,0
0,0,0,0.060087055,0.169249298,0.280947946,0.352927005,0.366908502,0.342460897,0.298943046,0.241050379,0.168025292,0.086307821,0.015940197,0,0,0,0,0,0,0,0,0,0,0,0,0,0,0,0
0,0,0,0,0.073248482,0.163044952,0.226660637,0.252885804,0.245658502,0.213651325,0.162494981,0.09628968,0.022716826,0,0,0,0,0,0,0,0,0,0,0,0,0,0,0,0,0
0,0,0,0,0,0.035321414,0.092188812,0.121721961,0.123404156,0.100856766,0.058593542,0.00170524,0,0,0,0,0,0,0,0,0,0,0,0,0,0,0,0,0,0
0,0,0,0,0,0,0,0,0,0,0,0,0,0,0,0,0,0,0,0,0,0,0,0,0,0,0,0,0,0
0,0,0.026504936,0.098161548,0.166336473,0.231985543,0.29584006,0.358385165,0.419866501,0.48031136,0.53954684,0.597205857,0.652727184,0.705365616,0.754220974,0.798271405,0.836372305,0.867172142,0.888898475,0.898952886,0.893119544,0.862920284,0.793117038,0.696571682,0.579673241,0.445082747,0.294470175,0.12911526,0,0
0,0,0.038935359,0.104149566,0.166284508,0.226445339,0.285447695,0.343796865,0.401716001,0.459196183,0.516031314,0.571816861,0.625927282,0.677515007,0.725563396,0.768975956,0.806631637,0.837319014,0.85947659,0.870658726,0.866502275,0.838881193,0.780213702,0.694992589,0.58859497,0.463376943,0.320808638,0.162247927,0,0
0,0,0.044282721,0.102522086,0.1581122,0.212346086,0.266124488,0.319936303,0.373929246,0.428019585,0.481962211,0.535328574,0.587419634,0.637217075,0.683465874,0.724869161,0.760257451,0.788572605,0.808573373,0.818244377,0.814018107,0.790674675,0.744179124,0.674697056,0.583811633,0.472254724,0.340845103,0.191250388,0.02456978,0
0,0,0.044029569,0.09474094,0.143286003,0.191212357,0.239508459,0.2885808,0.338404086,0.388754793,0.439364548,0.489858852,0.539514059,0.587069421,0.63084544,0.669156766,0.700722205,0.724768035,0.74073923,0.747736823,0.743970121,0.72678188,0.693607833,0.642617391,0.57184322,0.478700273,0.361796136,0.223322618,0.064994441,0
0,0,0.039868282,0.082451835,0.123436233,0.164745607,0.207470066,0.251818165,0.297404919,0.343735324,0.390562501,0.437780869,0.484832417,0.530145975,0.57128711,0.605846264,0.632337332,0.650475598,0.660835093,0.664221682,0.661065384,0.651025065,0.632771365,0.60358482,0.558687701,0.491141351,0.394144993,0.269235638,0.121663118,0
0,0,0.033761953,0.067522182,0.100360848,0.13480848,0.172109849,0.212088615,0.253647687,0.295725349,0.338147473,0.381561576,0.426103478,0.469848733,0.508935562,0.539578,0.559947641,0.570533563,0.573468521,0.571680541,0.56813209,0.565004215,0.562663591,0.558527646,0.546304451,0.515857471,0.453672356,0.349706411,0.215354722,0.009225329
0,0,0.028059096,0.052128685,0.076051909,0.10340024,0.13572789,0.172212217,0.210426965,0.248082284,0.284993185,0.323516686,0.365834672,0.40974635,0.448434317,0.475471679,0.488688997,0.489891193,0.483172177,0.473789857,0.467455456,0.469294252,0.482057423,0.504057407,0.528491105,0.544787089,0.539784923,0.495669555,0.358599442,0.084656045
0,0.006775605,0.025705266,0.03895914,0.052802515,0.072658311,0.100746608,0.135320158,0.171717333,0.205062703,0.234458534,0.26550549,0.305789305,0.353502021,0.394965487,0.418829847,0.423582305,0.413483325,0.394810494,0.374935454,0.362265352,0.365298629,0.389939525,0.435408544,0.492882756,0.550208716,0.593764072,0.600252482,0.493912697,0.125033855
0,0.0212512,0.030607316,0.031659407,0.033537887,0.045033735,0.069634829,0.104506213,0.141920212,0.172122326,0.191092675,0.208928161,0.246137752,0.305276114,0.354270244,0.374120498,0.368572454,0.345866445,0.313920284,0.281261847,0.258534726,0.258035528,0.289669901,0.353504123,0.433464281,0.512127056,0.570702443,0.573940265,0.448953145,0.168351034
0.026271564,0.046650928,0.048151935,0.035797486,0.022688836,0.024081885,0.045155037,0.082048472,0.124326735,0.155027954,0.161627645,0.157578395,0.184248515,0.271991662,0.33074387,0.341973493,0.324977483,0.290660292,0.246763841,0.201369676,0.166341351,0.159640274,0.194803476,0.272351578,0.361045724,0.440481469,0.491781769,0.479779531,0.365672214,0.153376871
0.062706217,0.085916056,0.085349256,0.061013045,0.028396215,0.016940919,0.031541453,0.069179301,0.117331242,0.153433084,0.150147407,0.130569935,0.125613213,0.262362957,0.314060417,0.315444014,0.291180764,0.250389023,0.199675036,0.145922899,0.099416336,0.087460414,0.133989602,0.21593098,0.299119028,0.364136696,0.401168648,0.379400342,0.279420801,0.107265486
0.103620307,0.137332589,0.147071501,0.124548271,0.070846081,0.039321996,0.034757211,0.069881235,0.120396661,0.153430541,0.153923828,0.138741828,0.153589532,0.231706685,0.283164936,0.288478795,0.266294358,0.227051658,0.177736441,0.12487514,0.078160139,0.06185174,0.122418156,0.200210143,0.266755354,0.311782451,0.326017051,0.292233328,0.198892516,0.049257621
0.140274795,0.188804093,0.220480405,0.227883337,0.187016631,0.096765017,0.055548211,0.097923718,0.15246306,0.180796127,0.182277607,0.174726594,0.186589456,0.226416913,0.260869661,0.268738114,0.252975024,0.221522729,0.182016353,0.142798424,0.116183695,0.123402949,0.172664373,0.224232158,0.260917335,0.278368781,0.26833652,0.220024684,0.126143388,0
0.161639914,0.220089016,0.265885592,0.295632871,0.278796852,0.136067238,0.110549927,0.18672688,0.228139112,0.239536351,0.232807226,0.22166032,0.221443176,0.240253482,0.258994276,0.263954327,0.253169735,0.231116164,0.204780247,0.183086136,0.177608023,0.199748643,0.241945982,0.259031027,0.26322709,0.252946167,0.220411553,0.15755109,0.059043406,0
0.161559268,0.220174811,0.2599245,0.267361008,0.206152251,0.118040442,0.292369979,0.32586766,0.323262179,0.310616596,0.292007847,0.27412951,0.264999899,0.267447769,0.272974207,0.272823179,0.264248968,0.249489822,0.233786594,0.224097475,0.227510116,0.246355362,0.267863312,0.270512108,0.255341619,0.224568675,0.174073871,0.098462468,0,0
0.142367693,0.197309975,0.228811211,0.227712258,0.19577832,0.206790247,0.324167993,0.38573911,0.385436101,0.366886865,0.34352169,0.321798714,0.306423819,0.298476435,0.294227832,0.288897783,0.280273304,0.269295683,0.259147595,0.253859577,0.256184063,0.264161873,0.268574788,0.258772314,0.231616972,0.187153693,0.123520137,0.037640697,0,0
0.110372681,0.16483633,0.19853733,0.212161588,0.220834935,0.259994305,0.334737083,0.390523601,0.405674399,0.396243292,0.376909776,0.35601629,0.338137039,0.324687943,0.314350602,0.304833399,0.294762131,0.284388792,0.275197193,0.268821029,0.265460809,0.262232471,0.253027498,0.23146035,0.194011336,0.139257477,0.065781961,0,0,0
0.069946145,0.128202758,0.170572199,0.201583508,0.23287381,0.278056353,0.334343636,0.380137649,0.401640764,0.402037451,0.390149479,0.373316708,0.356144045,0.340703676,0.327115889,0.314571917,0.302375469,0.290449575,0.279173136,0.26870791,0.258088131,0.244553232,0.223832125,0.191562125,0.144621006,0.081120297,0,0,0,0
0.022096044,0.086353143,0.138297682,0.182325676,0.225217066,0.27207075,0.320135372,0.359669582,0.383098587,0.390152969,0.385224296,0.373445059,0.358766035,0.343496322,0.328529146,0.313898167,0.299358324,0.284706627,0.269729251,0.253848806,0.235679901,0.212800801,0.182022926,0.140106615,0.08441352,0.013045082,0,0,0,0
0,0.036532075,0.096717585,0.1497038,0.199192669,0.247157103,0.29176202,0.328238239,0.352524963,0.36384746,0.36433171,0.357249292,0.345618015,0.331569651,0.316279803,0.300196359,0.283336535,0.265474513,0.246140361,0.224465419,0.198999851,0.167667323,0.12796653,0.077361322,0.013639038,0,0,0,0,0