0,0,0,0,0,0,0.047939839,0.200007596,0.333080466,0.451488805,0.558447126,0.655403567,0.741764303,0.815044649,0.871393917,0.906397637,0.916055291,0.897832858,0.851655275,0.780595272,0.690856584,0.590614226,0.487643461,0.386479657,0.286502734,0.182007403,0.064090545,0,0,0
0,0,0,0,0,0.083644857,0.246033801,0.385200233,0.507334136,0.618422753,0.72290995,0.822683157,0.916687587,1.001166495,1.070390689,1.117718616,1.136860844,1.123278427,1.075657036,0.99724624,0.896454037,0.785669152,0.677610688,0.580209859,0.492952115,0.407158342,0.309717375,0.187534713,0.030405254,0
0,0,0,0,0.087265068,0.263941544,0.410686531,0.53414288,0.64278375,0.745111624,0.847391069,0.952128741,1.057636793,1.15847313,1.246474483,1.312132201,1.346131924,1.341028324,1.293195386,1.205128402,1.087467993,0.958696699,0.83986926,0.744994042,0.673509211,0.61120442,0.538025141,0.436025537,0.293201699,0.103425487
0,0,0,0.05563791,0.253186654,0.413742359,0.541874563,0.645722851,0.737196626,0.828670423,0.928963608,1.041299344,1.163048016,1.286544137,1.400564957,1.492123614,1.548254942,1.557730251,1.513139744,1.414186409,1.272412142,1.114364512,0.975539305,0.881564812,0.831219762,0.799471131,0.754782115,0.673121774,0.541831102,0.356875087
0,0,0,0.208609411,0.391149664,0.533418689,0.639376091,0.718244275,0.787513521,0.865521746,0.964231559,1.087420998,1.231029853,1.384477944,1.532764174,1.658917345,1.746099957,1.778990317,1.74506544,1.637814004,1.464928352,1.260801609,1.086306526,0.991337934,0.971730004,0.980336069,0.967348589,0.90290434,0.777050164,0.590669388
0,0,0.124338455,0.33649516,0.501295796,0.622220793,0.702146963,0.748630885,0.78975529,0.852013614,0.950175553,1.088176729,1.259996312,1.451285813,1.642306973,1.811628349,1.938986174,2.00607573,1.995677644,1.891765964,1.68764993,1.414787779,1.176315819,1.079023755,1.106461647,1.166226214,1.183127325,1.126293233,0.995410348,0.799583208
0,0,0.244885293,0.442233276,0.58406211,0.676019666,0.724695325,0.730478044,0.740393665,0.786512504,0.886006787,1.043147857,1.249796472,1.486815999,1.728104414,1.94687968,2.120483596,2.23069345,2.259907208,2.185109626,1.974422131,1.616935749,1.260000504,1.163492604,1.256580035,1.370467102,1.403076872,1.334953001,1.185696514,0.973263653
0,0.102231303,0.350549588,0.532909785,0.64540762,0.694734499,0.693555398,0.662277057,0.642870958,0.673678411,0.776177569,0.955866213,1.203226414,1.493265302,1.790254304,2.059769847,2.277906992,2.430741052,2.507497213,2.491063488,2.341075844,1.963059011,1.414060593,1.310156655,1.438107621,1.588187853,1.604535004,1.502128535,1.326681534,1.096834507
0,0.197228523,0.449154162,0.621139757,0.701260778,0.70044623,0.644584626,0.567540369,0.514736629,0.529151658,0.634349716,0.836300416,1.127423128,1.477006861,1.832478177,2.146494352,2.395622466,2.574276932,2.681842455,2.713667376,2.651109045,2.409600019,1.812931903,1.52094155,1.577272105,1.740882397,1.712095628,1.582098396,1.392952541,1.155841192
0,0.277428295,0.548468343,0.723059256,0.770139772,0.715333568,0.606001321,0.47810365,0.385511335,0.3832881,0.489610652,0.70418443,1.033958443,1.450116877,1.864487722,2.206519639,2.460615162,2.63465889,2.734672284,2.755310165,2.667070093,2.382757475,1.893783728,1.549164955,1.536198648,1.646083323,1.652254153,1.547732456,1.372792526,1.14455686
0,0.336118878,0.650768925,0.856667222,0.862324951,0.74387375,0.602556669,0.431246611,0.295695739,0.28752271,0.399914821,0.596157647,0.934805091,1.431565899,1.901201397,2.238189718,2.463118518,2.602856637,2.664206471,2.635512542,2.485404909,2.176301403,1.748650415,1.402243853,1.399363623,1.481731606,1.501226602,1.428938623,1.28003075,1.070308904
0.01007968,0.359409604,0.737390315,1.043591669,0.968724451,0.751938344,0.655360222,0.484560239,0.307810489,0.32441733,0.473807196,0.592248936,0.828866763,1.452562712,1.94369814,2.219149715,2.388999718,2.483299963,2.501732437,2.430814875,2.252256117,1.963997359,1.622634785,1.370941805,1.319331408,1.339326538,1.336797131,1.272637181,1.14118567,0.948599167
0.023177669,0.366357253,0.752659061,1.250209808,1.041854473,0.727844238,0.788729539,0.777930004,0.576272607,0.611390769,0.825392833,0.904792384,0.755644798,1.517243385,1.881310272,2.088326824,2.220643377,2.286187982,2.279776549,2.19226765,2.019169838,1.776100166,1.5175435,1.327309732,1.242538981,1.212344384,1.17785086,1.104346375,0.977342212,0.794648449
0.049926072,0.414738925,0.807803775,1.126399676,1.062766411,0.914861798,1.158294694,1.330503337,1.291065216,1.080752563,1.18496321,1.496465206,1.14497124,1.207142919,1.582331657,1.824676984,1.966167372,2.031153488,2.023299934,1.942441406,1.794013635,1.598370557,1.397080421,1.24325074,1.146231361,1.083305811,1.020448567,0.930884014,0.799131996,0.618763662
0.067755252,0.443698907,0.796191416,1.049395479,1.133604297,1.203897565,1.411013603,1.478433609,1.335625955,1.205527543,1.077595353,1.18038113,1.080780657,1.080439524,1.294978782,1.521970376,1.673914057,1.749203694,1.753119659,1.691350658,1.574361803,1.422003757,1.26446601,1.130905011,1.028132507,0.943906316,0.857970142,0.751143338,0.609787231,0.42613827
0.049138458,0.42309267,0.753900327,1.006004622,1.160702403,1.234528621,1.120664482,0.740686655,0.948034366,1.170495598,1.256890297,0.849562883,0.848386288,0.927049666,1.079305329,1.254751622,1.392314284,1.470091184,1.485762983,1.444452047,1.356791268,1.239313266,1.112484683,0.993418972,0.887609651,0.788880467,0.684743511,0.561745954,0.408826092,0.218426247
0,0.352627393,0.67400904,0.92874628,1.101262718,1.169711936,1.057530642,0.740070671,0.788276609,1.000695993,1.039383654,0.816095064,0.730544317,0.786735511,0.899285226,1.029492958,1.140411061,1.209910909,1.230590325,1.204286398,1.13885522,1.046346757,0.940334123,0.831585581,0.724202646,0.615128851,0.496586107,0.359194606,0.194333574,0
0,0.230975288,0.544261773,0.794161418,0.965199768,1.034393258,0.963064506,0.801117007,0.76346499,0.828833278,0.829063253,0.72975755,0.660676919,0.675956159,0.745544535,0.835057975,0.916524418,0.97098789,0.989379761,0.970569627,0.918973945,0.842372241,0.749462778,0.647100501,0.538150556,0.421001565,0.290670354,0.140570448,0,0
0,0.0587147,0.363025009,0.604349436,0.769318934,0.842645561,0.818894615,0.742991378,0.697041465,0.690109809,0.667268263,0.612300199,0.56762693,0.565635369,0.602094779,0.657274278,0.710925795,0.747655733,0.758516927,0.740530781,0.695253628,0.627016742,0.541007527,0.441394846,0.329961559,0.205667827,0.06513156,0,0,0
0,0,0.13561494,0.370025547,0.53353413,0.619825476,0.634696484,0.606669643,0.573352705,0.547425799,0.516997545,0.478259364,0.446722369,0.437889922,0.452962488,0.482072234,0.512004113,0.531148605,0.531642252,0.509704729,0.464955471,0.399231837,0.315221392,0.215167201,0.099926804,0,0,0,0,0
0.638846739,0.883142967,1.1113112,1.331108065,1.550148421,1.77517946,2.011492231,2.262522092,2.529423028,2.810145457,3.097611542,3.377478438,3.627798318,3.823578243,3.945584783,3.98729347,3.954773363,3.861078031,3.720158911,3.543196172,3.337413818,3.10639291,2.850986085,2.570293331,2.262455483,1.925205194,1.556204621,1.153227691,0.71424231,0.237434344
0.619788986,0.837299027,1.03725457,1.229011122,1.421940951,1.6243688,1.842841157,2.081957347,2.344492278,2.630888323,2.936697689,3.247329794,3.533705241,3.757722857,3.889835424,3.923541927,3.872922517,3.759963896,3.604410789,3.41973236,3.213048466,2.986639799,2.739714346,2.469859461,2.17402905,1.849119178,1.4922524,1.100885103,0.672820598,0.206179067
0.593569826,0.78249092,0.951184647,1.111025281,1.273657936,1.449233684,1.645279762,1.86685323,2.117816075,2.401942311,2.721015094,3.065499926,3.39905917,3.660082383,3.799520737,3.814416829,3.735494045,3.59807849,3.427801349,3.238804792,3.036323769,2.819970763,2.586473728,2.331523108,2.050804085,1.740457909,1.397215063,1.01837154,0.601706552,0.145389723
0.568074203,0.727365987,0.861984518,0.985988843,1.114288356,1.25944789,1.429545687,1.628539084,1.859272351,2.127746141,2.445437563,2.820096509,3.216053741,3.527681271,3.665482698,3.643595279,3.52579629,3.362865355,3.183102834,2.997960702,2.808345244,2.609746475,2.395785892,2.160187631,1.897583944,1.603668925,1.275077043,0.909188224,0.503943734,0.057698049
0.55224713,0.682277964,0.780479066,0.864561342,0.954633473,1.067122958,1.210435382,1.385100272,1.589013309,1.825881072,2.113960662,2.493789529,2.966055642,3.347551529,3.458329128,3.378049222,3.220340444,3.041800715,2.866546,2.699486886,2.534983202,2.363447412,2.175399542,1.963111787,1.720802495,1.44428069,1.13051037,0.777252906,0.382810264,0
0.555779002,0.659621838,0.720110403,0.759594901,0.807055469,0.885910528,1.00565025,1.160575507,1.338296783,1.535101746,1.768496765,2.094211578,2.606033963,3.048786521,3.094119193,2.970471126,2.79963823,2.631710754,2.484524132,2.354910531,2.229615526,2.094086817,1.936820262,1.749941296,1.528323282,1.268623562,0.968594457,0.626650676,0.241609907,0
0.587914863,0.674005864,0.6985497,0.687602039,0.685925264,0.729591787,0.833070703,0.981049396,1.141964175,1.30043326,1.477679444,1.73651527,2.110636176,2.430659809,2.503707514,2.412050125,2.275226709,2.15316115,2.061985165,1.98973559,1.915280477,1.820668894,1.694909269,1.532012848,1.328734101,1.083223948,0.794332695,0.46126169,0.083390003,0
0.653970546,0.740414553,0.740715238,0.674281597,0.610713947,0.610613889,0.707172976,0.870661599,1.029723347,1.148849037,1.249471103,1.380289658,1.579150647,1.782815875,1.833803596,1.78671607,1.708247787,1.661932881,1.649422777,1.646296535,1.624341845,1.566348479,1.465849534,1.320653068,1.130069631,0.893888151,0.612006719,0.284307304,0,0
0.747890457,0.864860061,0.873140181,0.763804276,0.607417854,0.540901145,0.63476358,0.850530633,1.023252228,1.098011321,1.113593028,1.113071045,1.144530773,1.280258894,1.234846115,1.211516261,1.196976886,1.259267111,1.327446699,1.381144224,1.392087685,1.35271901,1.263126127,1.124563901,0.938148487,0.70464298,0.42449284,0.097901033,0,0
0.842457489,1.024775822,1.096640591,0.986760233,0.719304085,0.553659817,0.611107349,0.934809446,1.117093621,1.142606113,1.099007812,1.035811391,0.996039203,0.978221773,0.911722616,0.848479271,0.961040854,1.096974373,1.190535201,1.239065021,1.239694268,1.190479256,1.09253518,0.947109767,0.755053411,0.516853981,0.232731878,0,0,0
0.886840535,1.146574984,1.341625476,1.333880648,1.017981424,0.703640054,0.657720566,1.081346512,1.233902729,1.22968398,1.172250539,1.109724186,1.063652954,1.020036125,1.026062965,1.306255715,1.2459299,1.216654444,1.220419182,1.204663165,1.15652964,1.072376265,0.949166819,0.784940741,0.578461854,0.328879668,0.035540093,0,0,0
0.831868791,1.119800499,1.390379737,1.538962126,1.201971793,0.911945223,0.890549432,1.126174011,1.280229313,1.299590477,1.268758691,1.248405085,1.267768402,1.309022639,1.387372667,1.524041239,1.491077118,1.389908503,1.307126284,1.212922876,1.104865017,0.975987996,0.819077478,0.628995449,0.402254166,0.136447382,0,0,0,0
0.686001713,0.935015917,1.134434973,1.129199266,1.078362143,0.993168685,1.032165753,1.181792021,1.300482158,1.341811914,1.340620206,1.35966117,1.449531327,1.574027538,1.610133601,1.626374307,1.573885235,1.463675689,1.33614535,1.195963388,1.043191832,0.874854821,0.684840252,0.467437297,0.218155033,0,0,0,0,0
0.508166848,0.747625939,0.926107836,1.006615162,0.954984426,0.986634464,1.080082664,1.208603849,1.314847403,1.367790823,1.378714957,1.395306587,1.491686453,1.594931001,1.632569142,1.61508806,1.546968456,1.433050746,1.289494331,1.125918074,0.945763718,0.748625591,0.531118034,0.288841322,0.0176236,0,0,0,0,0
0.31183826,0.558643213,0.750240803,0.862649801,0.901270568,0.968569303,1.080932309,1.208139937,1.316483822,1.381728254,1.399685559,1.401155919,1.436177685,1.490559061,1.518524693,1.499408539,1.431397158,1.319272933,1.172187238,0.998304074,0.802359985,0.58575825,0.347266907,0.084161707,0,0,0,0,0,0
0.087882585,0.345624731,0.551661379,0.700067094,0.806823543,0.913981213,1.039498078,1.171077286,1.287540091,1.368108724,1.389547048,1.34822841,1.311068395,1.32023866,1.334000519,1.314017984,1.249140326,1.140535448,0.99401826,0.815923831,0.610900736,0.381251252,0.127134612,0,0,0,0,0,0,0
0,0.102661556,0.328127594,0.509874268,0.660551719,0.800347954,0.940585444,1.077556019,1.198995393,1.288936442,1.318101883,1.230440932,1.132278442,1.117520103,1.115287386,1.087110931,1.019902489,0.911514443,0.764757537,0.583923981,0.37280354,0.133789415,0,0,0,0,0,0,0,0
0,0,0.070909256,0.279407223,0.45971842,0.622599736,0.774361187,0.913180517,1.029972923,1.108558312,1.120157587,1.049223709,0.959422546,0.910058075,0.878821634,0.832500015,0.755315801,0.64176867,0.491653665,0.307036068,0.090405624,0,0,0,0,0,0,0,0,0
0,0,0,0.001716762,0.202410129,0.380640811,0.539410742,0.676573851,0.784295804,0.849344154,0.856961313,0.809005288,0.737896466,0.674469393,0.61749855,0.549955746,0.458233247,0.335254161,0.178581228,0,0,0,0,0,0,0,0,0,0,0
0,0,0,0,0,0.07670753,0.239446321,0.374259866,0.475189319,0.534074823,0.545227695,0.513506674,0.456107134,0.38956379,0.317293381,0.232336462,0.125909093,0,0,0,0,0,0,0,0,0,0,0,0,0
1.562903461,1.501493008,1.433093548,1.352776152,1.278455039,1.21936156,1.174247097,1.131226746,1.060996056,0.919160843,0.832629345,0.774018589,0.727208472,0.688299582,0.65673214,0.632975934,0.617370477,0.609537954,0.608330618,0.612454551,0.621605215,0.636142921,0.650592348,0.640902807,0.589356422,0.601587296,0.600835785,0.563117344,0.502409681,0.429776545
1.556026866,1.479152282,1.392966341,1.30194367,1.223248611,1.170001978,1.140612081,1.117876326,1.070252862,0.986998827,0.919185577,0.872669046,0.835804815,0.80557646,0.782909573,0.769737616,0.767540613,0.776610283,0.795947017,0.82429552,0.863645093,0.924772624,1.025080694,1.161320627,1.253058068,1.201820859,1.087307625,0.970668691,0.860272062,0.755556824
1.524413003,1.427767822,1.318382594,1.20743088,1.119347063,1.073158151,1.065782026,1.073872832,1.06888208,1.041077266,1.005187804,0.971150745,0.939861626,0.91290528,0.893717937,0.885978334,0.892276965,0.913283377,0.947294946,0.99039864,1.040182862,1.110806316,1.246669213,1.492639509,1.755339503,1.642786323,1.457716227,1.296530206,1.158702261,1.03662365
1.474701037,1.35808728,1.220856428,1.077479471,0.972108741,0.938416038,0.968242766,1.025256849,1.073041875,1.093557014,1.088312276,1.066498371,1.037069275,1.008015004,0.986529227,0.978432466,0.987351032,1.013979241,1.055435847,1.103908181,1.143180678,1.168054056,1.231502917,1.40766574,1.64765242,1.699143831,1.610796404,1.490562524,1.37087213,1.257557644
1.410493068,1.276173103,1.110110203,0.916801314,0.785918939,0.778924488,0.8688983,0.992172999,1.097334443,1.159140965,1.175747932,1.159423594,1.125956637,1.089145985,1.059852051,1.045953459,1.051843018,1.077610915,1.118397952,1.163425633,1.18871212,1.149820602,1.110424763,1.145818233,1.394920808,1.567288938,1.608015014,1.572252021,1.502807115,1.419856838
1.33232799,1.174640549,0.984617472,0.726002289,0.572316965,0.622235695,0.798082889,0.998131212,1.157721865,1.248660357,1.272178095,1.250000499,1.205210745,1.155558062,1.11424243,1.090685219,1.089872895,1.110719069,1.14487453,1.176075155,1.177665544,1.132523475,1.083462221,1.116883874,1.286601705,1.46644531,1.570667488,1.601859425,1.584729507,1.539258874
1.252260221,1.055682341,0.81552124,0.550500872,0.400539637,0.538205477,0.794705698,1.062743245,1.264897585,1.362821675,1.372025534,1.333136765,1.272386447,1.207788495,1.153022694,1.1186851,1.111058273,1.128447036,1.159054883,1.184009082,1.185001405,1.16097904,1.144368315,1.186788145,1.305984665,1.451016744,1.565191349,1.629456932,1.649172562,1.636073094
1.203391506,0.987259341,0.741961775,0.515595675,0.451640379,0.597692381,0.868695402,1.16358974,1.399825573,1.467559693,1.453245236,1.39842952,1.324809631,1.248721132,1.183297022,1.140232854,1.129320272,1.15048782,1.188007882,1.220596828,1.235475164,1.236915322,1.24753993,1.295070664,1.387233804,1.501204284,1.604705818,1.678288387,1.717732242,1.727053163
1.210352077,1.008206053,0.800268536,0.637349507,0.606743253,0.73829066,0.976561519,1.233007198,1.427279026,1.50368378,1.493868413,1.438659785,1.362972318,1.285110631,1.217620451,1.171201415,1.162410313,1.198445509,1.254020047,1.301219384,1.331389784,1.35158986,1.378089919,1.426893122,1.502384788,1.593530171,1.682050294,1.753235719,1.800237117,1.822546947
1.269714312,1.100490832,0.937274164,0.805256959,0.769876825,0.875916304,1.074545163,1.267843002,1.41530589,1.493923756,1.501954971,1.458876998,1.391926908,1.326311058,1.274939827,1.238478256,1.235965358,1.300918101,1.377584564,1.43303804,1.469499285,1.497545357,1.529689049,1.575908692,1.638947858,1.712990344,1.787270172,1.851465343,1.898990422,1.927362231
1.360122013,1.224545839,1.099909613,0.95866187,0.877316465,0.952313682,1.127750874,1.262113995,1.384780447,1.474148883,1.502907516,1.472475303,1.416338036,1.37541511,1.370673489,1.390630232,1.409277678,1.505005117,1.570695878,1.611832624,1.640583393,1.666092654,1.696389554,1.73713266,1.789612743,1.850222644,1.912152532,1.968159833,2.01271105,2.042749371
1.463793214,1.338529587,1.240843534,1.057509184,0.907764774,0.975864476,1.093005695,1.210075861,1.34962725,1.46917767,1.521365167,1.491925077,1.435077473,1.41831821,1.479831484,1.612542707,1.770265102,1.790197748,1.799932529,1.812677576,1.827309223,1.845735703,1.871009769,1.905404117,1.948927006,1.998862818,2.050522036,2.098675692,2.138866486,2.168101726
1.586165615,1.450078148,1.303175243,1.112471026,0.995537281,1.163301971,1.122650969,1.189401686,1.359356464,1.50218197,1.569360495,1.522326873,1.449991948,1.439421865,1.551210459,1.741577027,1.914230295,1.98094735,1.994403576,2.000855704,2.010125084,2.024783871,2.046418027,2.075852386,2.112544233,2.154338162,2.197834091,2.239164876,2.274796471,2.302055261
1.742463612,1.60536641,1.467900257,1.371424198,1.493620191,1.685875654,1.273380518,1.331892916,1.487279398,1.592776142,1.624640836,1.575380036,1.497338588,1.473621726,1.61377868,1.811577228,1.984713986,2.088833417,2.13728695,2.161147998,2.178136436,2.195878287,2.217719909,2.244949064,2.277360402,2.313471257,2.350862882,2.386686331,2.418188038,2.443102721
1.942881693,1.83190536,1.750746923,1.75078844,1.871687129,1.920657046,1.738789276,1.71548903,1.739357304,1.757670772,1.743037715,1.689985819,1.631250967,1.631650729,1.740433856,1.907177499,2.066148505,2.183249862,2.25678583,2.301642149,2.332292375,2.357894098,2.383411035,2.411163005,2.441709488,2.474345469,2.507503435,2.539163061,2.567241331,2.58989899
2.177523167,2.098137383,2.058188232,2.077722645,2.139222649,2.152799202,2.089087297,2.040482686,2.00507105,1.967391014,1.921331646,1.867736432,1.828600397,1.839750777,1.920233929,2.04729843,2.181076632,2.294025905,2.377748698,2.436805066,2.479768834,2.514098856,2.544829818,2.574819624,2.60526284,2.636137841,2.666588891,2.695275686,2.720686005,2.741385615
2.427974922,2.3702813,2.345989075,2.356922887,2.382633566,2.38454295,2.350063827,2.301015011,2.247625298,2.190866758,2.133666203,2.08308958,2.054408369,2.066063459,2.125549328,2.220721646,2.328427441,2.428807766,2.512026974,2.577160265,2.62793396,2.66911685,2.704706996,2.737401575,2.768641961,2.798844518,2.827674036,2.854315253,2.877720213,2.896812117
2.681184021,2.634592509,2.612587051,2.611238983,2.616063239,2.608044342,2.578599656,2.532560819,2.47704888,2.417744314,2.361040193,2.31543774,2.291863217,2.30035318,2.34389819,2.415233059,2.500450816,2.585893979,2.662766529,2.727838406,2.781749556,2.826882849,2.865855346,2.900762533,2.932933612,2.962952622,2.990796595,3.016015061,3.037911199,3.055700904
2.931365106,2.889103792,2.8643481,2.852348734,2.843459524,2.82688791,2.796588987,2.753131047,2.700848668,2.645510165,2.593903231,2.553767558,2.533045358,2.537751902,2.569190422,2.62276693,2.689768973,2.760860126,2.828943942,2.890205442,2.943634942,2.989927251,3.030451596,3.066568102,3.09928354,3.129142403,3.15625394,3.180386295,3.201084553,3.217786043
3.177093696,3.135619845,3.10674243,3.086306623,3.067816753,3.04458392,3.012464086,2.971102493,2.923270028,2.873691058,2.828222835,2.793180283,2.774385628,2.775785398,2.798089169,2.838337642,2.89088736,2.949298913,3.008087597,3.063632985,3.114204427,3.159464206,3.199843943,3.236031965,3.26864604,3.298073041,3.324427047,3.347578944,3.367221648,3.382946058