2.001464887,2.026564585,2.011335131,1.954185283,1.861417319,1.748028552,1.634479893,1.540300692,1.477666548,1.448534195,1.44656474,1.46160695,1.483685351,1.505274047,1.522243978,1.534122158,1.54383583,1.556637518,1.577758107,1.608662975,1.642609657,1.660426467,1.625896718,1.510444418,1.347892261,1.179183109,1.027905904,0.906155064,0.817714642,0.759394255
1.97988922,2.015510058,2.00283331,1.935561278,1.819138232,1.673707639,1.529405346,1.415388472,1.348245512,1.327245411,1.339433679,1.368471384,1.400421932,1.425709039,1.439385252,1.441230574,1.435853046,1.432007749,1.440019682,1.466482149,1.507011742,1.540963239,1.525168419,1.391678481,1.212766702,1.035651631,0.884160749,0.770768248,0.699390253,0.664242233
1.947799396,2.001952491,2.000173464,1.927072194,1.784334021,1.598931137,1.415882087,1.279860573,1.213993257,1.210670658,1.245082804,1.292879357,1.336729814,1.365837337,1.37453498,1.362251362,1.334602405,1.303896778,1.286965339,1.298216282,1.335949244,1.370815354,1.34934739,1.231896581,1.058058685,0.885424637,0.740094216,0.639132643,0.590707843,0.585357198
1.894696652,1.976633271,1.998915724,1.929456753,1.759748369,1.526521158,1.296189336,1.137195226,1.083979632,1.111806624,1.175646765,1.244058887,1.299613375,1.33227779,1.335711204,1.307542368,1.252664219,1.18623157,1.132752465,1.11973842,1.155365096,1.19881446,1.189806692,1.092257629,0.927768052,0.764425612,0.62096866,0.529499576,0.508665208,0.539436013
1.804188041,1.919655408,1.983428958,1.93545518,1.741773119,1.46004746,1.182068328,1.001653741,0.982067868,1.053669898,1.145356673,1.228293576,1.291029564,1.326560475,1.327415474,1.286605524,1.205047827,1.099385575,1.00270154,0.9591043,1.003017426,1.07630694,1.10322937,1.034741812,0.888114967,0.716544541,0.558859411,0.465728166,0.478457452,0.549175103
1.657958046,1.796260963,1.910872683,1.91409178,1.700098749,1.39721501,1.115512356,0.929042101,0.965836309,1.065356253,1.161529946,1.241448073,1.302120874,1.339878065,1.345539511,1.303234874,1.2044501,1.065938621,0.928268608,0.858392501,0.907491325,1.027329286,1.109137009,1.067096334,0.930462303,0.757656417,0.592479165,0.489975214,0.542057881,0.639366627
1.453643579,1.575678567,1.68377666,1.74859643,1.537478146,1.31683588,1.138172628,1.049268929,1.079608755,1.1448953,1.204607932,1.260022769,1.308779425,1.348380114,1.37037694,1.34724384,1.251182829,1.105565897,0.941711498,0.831401426,0.887611986,1.047936915,1.186748743,1.154388006,1.029449049,0.87515088,0.740439867,0.679820585,0.725788093,0.813460247
1.230397648,1.314773827,1.328143311,1.235800982,1.260945115,1.235694417,1.193844427,1.191181859,1.223601413,1.213892222,1.2130075,1.240409487,1.275116893,1.315665639,1.358982746,1.3773036,1.311409264,1.221647019,1.120247809,0.98908782,1.022855064,1.143384495,1.260189991,1.250695814,1.146685084,1.02194054,0.929607463,0.906900783,0.958117215,1.029777043
1.052113184,1.157250504,1.209960161,1.199530204,1.21872721,1.261068115,1.246557838,1.221030449,1.230908632,1.127453707,1.099791527,1.13467132,1.16737937,1.216250049,1.273145359,1.310803026,1.319581566,1.343809359,1.428895989,1.545864344,1.384295225,1.387549639,1.417758307,1.35664774,1.2447299,1.141379963,1.082288184,1.085538449,1.144710548,1.212519407
0.94922753,1.144954466,1.348836537,1.497340215,1.501382589,1.472331323,1.300773953,1.101079968,0.907520056,0.844570365,0.819821884,0.895607471,0.968696747,1.077856159,1.150875067,1.196333747,1.252836754,1.353016773,1.524131205,1.761645453,1.901954396,1.762732588,1.58247757,1.407404188,1.274638813,1.190118022,1.156697843,1.173286018,1.22333004,1.263326923
0.930383205,1.217498892,1.531154963,1.835229703,2.057275772,1.674039305,1.300959274,1.006423663,0.782552877,0.655183487,0.561178673,0.522236824,0.822158745,1.01959254,1.069013929,1.076021791,1.137291046,1.252048525,1.406819512,1.663296819,2.135269046,1.776793736,1.46030965,1.293781531,1.197599592,1.150619291,1.144466174,1.170278049,1.209956259,1.234751826
1.046898365,1.292194084,1.54798688,1.686597855,1.592373892,1.364589625,1.135813851,0.939713441,0.789481707,0.694702177,0.664105756,0.789343466,1.059730484,1.159983919,1.088796069,0.997980237,1.034499345,1.128566265,1.250387236,1.438937287,1.549276185,1.239003539,1.104900581,1.056350529,1.036795334,1.039833287,1.062990867,1.099650192,1.13668226,1.156844697
1.060664118,1.255718444,1.396120704,1.333975196,0.892652571,0.899989118,0.923378812,0.888903071,0.862844994,0.870478101,0.961014336,1.192404348,1.459400654,1.373067918,1.177677114,1.028456661,0.987421425,1.016087853,1.071543774,1.121883469,1.072107243,0.90207227,0.82052475,0.825050297,0.854865903,0.894718229,0.94050847,0.987038497,1.025613313,1.045908725
0.987547041,1.122223959,1.167544492,1.033834918,0.793432465,0.787380557,0.859018564,0.861748894,0.928534269,1.01765424,1.161397834,1.367316986,1.509406294,1.422722775,1.215798855,1.053139182,0.960421881,0.921618749,0.904898726,0.875092475,0.799069798,0.697610746,0.643340789,0.651278115,0.692401273,0.74595353,0.801834109,0.853132977,0.892829495,0.913978179
0.871777273,0.965450231,0.982502654,0.910323508,0.829491701,0.859132331,0.926331282,0.818884543,0.907840507,1.050864934,1.205484809,1.35256274,1.420891203,1.35321883,1.196332615,1.040584878,0.922190023,0.83874623,0.773327585,0.70630281,0.628334139,0.555007793,0.515620102,0.519990562,0.555816743,0.607030023,0.661751552,0.711497113,0.749416461,0.769850146
0.742533723,0.821451486,0.850096917,0.838880493,0.83279405,0.867077323,0.887595774,0.853416796,0.905419191,1.027384067,1.157652169,1.258925924,1.292361617,1.240792043,1.124190414,0.988425102,0.864216524,0.759352356,0.669023179,0.585890848,0.508753947,0.446767222,0.41290892,0.411985757,0.4378074,0.479330152,0.525965388,0.569111927,0.601973658,0.619325765
0.610593821,0.689276903,0.73607799,0.761420552,0.785430372,0.816247377,0.835990854,0.846807264,0.892848575,0.978944749,1.072050291,1.138877813,1.15481083,1.111573519,1.02014301,0.904660216,0.786614146,0.676831507,0.577842136,0.489459739,0.413612365,0.355879954,0.322419123,0.315146202,0.330081172,0.359501763,0.394840055,0.428340497,0.453597269,0.465656519
0.476170639,0.559361002,0.620488745,0.666083252,0.704925603,0.7402507,0.76957106,0.798850303,0.84339939,0.905171827,0.967604559,1.009042739,1.013176507,0.974401973,0.898758008,0.800066585,0.692826934,0.587267362,0.489003528,0.401300008,0.327387817,0.271148606,0.235785317,0.221807611,0.226212866,0.243345794,0.266453552,0.288940671,0.305056737,0.310189911
0.336618756,0.424835734,0.495938492,0.553653422,0.602363819,0.64464658,0.682088066,0.718956028,0.76079958,0.807079438,0.848587437,0.87240069,0.868155931,0.831927377,0.766991512,0.681761444,0.586189132,0.48884443,0.395972568,0.312072157,0.240791586,0.185199556,0.147220608,0.126793067,0.121523275,0.127115626,0.138255941,0.149481873,0.15579758,0.153021142
0.189559646,0.282121029,0.360185429,0.425941171,0.481973585,0.530444361,0.573362651,0.613249189,0.652002265,0.688238004,0.716369785,0.728758527,0.719070218,0.684748474,0.627716022,0.553394298,0.468802207,0.380798033,0.295160752,0.216472874,0.148311621,0.093281137,0.052748628,0.026497023,0.012616479,0.00777857,0.00778231,0.008153488,0.004636219,0
2.855030803,2.767390062,2.706887927,2.671436846,2.657145971,2.656727008,2.656999403,2.637179835,2.571578454,2.437715475,2.212618589,1.853819014,1.538171151,1.317480666,1.179545345,1.11278737,1.113433562,1.180076018,1.309185241,1.493159745,1.720131823,1.971259319,2.210226595,2.398075271,2.544753833,2.669310119,2.783062517,2.894202246,3.00901331,3.132095095
2.516543073,2.429431297,2.371988312,2.343035507,2.340298407,2.358488529,2.384161905,2.388435748,2.325980756,2.148900773,1.828923251,1.430678555,1.132270424,0.939251917,0.813252705,0.74798893,0.74829023,0.818813109,0.958249558,1.157322104,1.402065608,1.677596393,1.949418783,2.140164913,2.284895112,2.403838963,2.509557382,2.612258245,2.71959538,2.836727358
2.192462602,2.104155437,2.047737138,2.022794503,2.029388668,2.06771917,2.131276518,2.188139058,2.166490108,1.981570383,1.601857908,1.13451004,0.866834178,0.67889804,0.537441353,0.451417131,0.435535086,0.501056219,0.64860409,0.862625666,1.115982503,1.391334594,1.668825132,1.885272765,2.037639051,2.151502148,2.247443598,2.340260589,2.439618934,2.551098346
1.886280468,1.795467202,1.738425991,1.714606173,1.725311416,1.778678428,1.889628249,2.044938509,2.141673091,2.031032449,1.676898663,1.221921807,0.85562352,0.582279754,0.373933788,0.235537396,0.183476861,0.234642701,0.394779697,0.641815754,0.921407933,1.189253926,1.470707304,1.683794271,1.824438661,1.920909044,1.99968069,2.078989248,2.169339078,2.275589454
1.602160721,1.508234888,1.450126447,1.425960937,1.434240674,1.484144555,1.625396433,1.923610612,2.246046948,2.272528707,1.948347826,1.464276707,0.995942249,0.607695812,0.305785279,0.095164093,0,0.018134617,0.198375906,0.517065793,0.882438156,1.189788363,1.419466205,1.570788639,1.660134874,1.716784748,1.766976653,1.828224575,1.908928484,2.01102211
1.344635211,1.247631917,1.189407257,1.166674734,1.173048845,1.198554384,1.296279597,1.726759781,2.436798386,2.589885149,2.227338819,1.687499902,1.1453049,0.673269751,0.293936984,0.016989334,0,0,0.039512446,0.47187079,0.99491539,1.334418541,1.47658207,1.525298193,1.533522664,1.532086189,1.544784688,1.585859433,1.658509403,1.758932984
1.118501082,1.018821393,0.962031364,0.942917393,0.952765589,0.971882343,0.97721303,1.357069016,2.582076788,2.692342037,2.299083547,1.76052752,1.21163142,0.716880717,0.306190018,0,0,0,0,0.449533662,1.261823035,1.561526594,1.557051567,1.494171877,1.415930858,1.351249443,1.324896325,1.349210603,1.419371617,1.522328624
0.929001172,0.82754308,0.775247597,0.762292314,0.771227782,0.783087888,0.852971705,1.263708181,2.004308418,2.262599836,2.044970098,1.631591523,1.163423319,0.714950216,0.329393169,0.034572302,0,0,0,0.391087532,1.64056778,1.689276695,1.573931832,1.431786264,1.282941322,1.161403329,1.10110098,1.118676854,1.196421351,1.306504163
0.781944962,0.68002353,0.639458854,0.645123901,0.670936332,0.704375546,0.793128632,1.038612718,1.400395958,1.639027932,1.607805118,1.370469532,1.03447274,0.680403378,0.364684092,0.132298039,0.019975129,0.037949405,0.211051334,0.711876726,1.437597487,1.629521272,1.506143622,1.323132828,1.130659276,0.965309125,0.876941266,0.903381417,1.000572019,1.118077027
0.684107217,0.581139903,0.562710353,0.607173151,0.673034498,0.729641565,0.780103416,0.851435008,0.959179401,1.153145786,1.210068678,1.102895354,0.893026016,0.646763954,0.42003885,0.267445055,0.258920979,0.410422479,0.620358215,0.945688054,1.302088367,1.437658902,1.352962953,1.17701427,0.978593529,0.795592967,0.683523417,0.729016147,0.842986107,0.958460103
0.646372516,0.534360402,0.54778999,0.649755881,0.773222849,0.862423521,0.882138417,0.854708556,0.861084418,0.934662236,0.970188447,0.916590997,0.796016964,0.646996064,0.509822434,0.430759984,0.485787392,0.770748854,0.928694138,1.087150931,1.229899517,1.263166207,1.174135982,1.023039929,0.851944685,0.691070736,0.600041265,0.621201598,0.712259292,0.823611295
0.695352802,0.549648031,0.60417757,0.763806837,0.942966191,1.08214418,1.088903821,0.978823091,0.918879769,0.910820975,0.881032028,0.828084109,0.764220392,0.695952156,0.641292018,0.635621556,0.734618188,0.930788174,1.067967414,1.143656866,1.173446462,1.132325911,1.022254229,0.894613235,0.755383573,0.630042284,0.55783899,0.560869185,0.623963097,0.720320784
0.893425941,0.691041265,0.78144908,0.924110535,1.102040609,1.297700564,1.325983387,1.071165876,1.036328322,0.99844139,0.874427775,0.804231799,0.788418763,0.787313823,0.795380859,0.832622051,0.917231273,1.032899368,1.118369869,1.148261708,1.124938546,1.049704214,0.936971559,0.814441118,0.694525296,0.593219079,0.532896981,0.526529859,0.569663613,0.649068074
1.205520444,1.138336658,1.06591345,1.072369724,1.132081296,1.251183367,1.399319172,0.994568467,1.289370789,1.137060603,0.856808424,0.805000465,0.854811072,0.909138163,0.950909405,0.994412544,1.050074666,1.108502289,1.143450524,1.137001914,1.086748686,0.998980503,0.88779799,0.770957289,0.662219294,0.574366129,0.520594015,0.508931864,0.538759476,0.603728515
1.458170181,1.38491786,1.279846641,1.179656777,1.080682766,0.924716522,0.722584426,1.225014784,1.520978808,0.977093035,0.742335466,0.82138032,0.964621674,1.053597439,1.098791761,1.126390943,1.149044287,1.163915058,1.159025745,1.124349368,1.057903235,0.965275915,0.857484424,0.747627107,0.647691437,0.568246784,0.51831173,0.503427691,0.524342583,0.578119682
1.623221882,1.533242458,1.421170752,1.296107798,1.168690578,1.070271096,1.210723262,1.511929035,0.392514467,0.391430987,0.553897619,0.908677212,1.122735083,1.200700978,1.223545385,1.225367963,1.217608513,1.199863352,1.166280056,1.111610975,1.035075539,0.941055797,0.83780644,0.735298945,0.643294853,0.57040738,0.523515382,0.506942116,0.521999079,0.56751729
1.746038704,1.649559219,1.543660241,1.438108583,1.359898641,1.363595323,1.489767376,1.435522077,0.895804167,0.417906648,0.637457371,1.085543633,1.250558576,1.294821126,1.297164387,1.280442966,1.252564923,1.214183884,1.16278673,1.096126369,1.014550682,0.92171166,0.823940937,0.728954734,0.644562037,0.577755773,0.534096812,0.517245209,0.528788489,0.568543976
1.846224346,1.748299382,1.651187017,1.564659054,1.50806351,1.496837855,1.488650815,1.324724013,0.89264483,0.438165665,0.624425149,0.998369379,1.212989171,1.28808167,1.301735694,1.285782402,1.252451809,1.205861489,1.146785636,1.075498832,0.993522354,0.904307846,0.813028502,0.725849586,0.649078575,0.588451329,0.54861545,0.532804998,0.542749836,0.578856038
1.930199839,1.830054517,1.734984919,1.649967663,1.58000453,1.515928533,1.412380874,1.194611206,0.851357818,0.583370416,0.653319231,0.901417276,1.105320817,1.213035151,1.252016155,1.250001731,1.222647358,1.177719754,1.119064065,1.049177389,0.970752203,0.887387364,0.803643172,0.724680225,0.655733825,0.601609603,0.566292787,0.552707909,0.562651068,0.596895605
2.000850641,1.895302244,1.794660375,1.698928561,1.604690829,1.49793429,1.350780184,1.139515174,0.893348329,0.72598492,0.73625245,0.873375802,1.024100617,1.128675156,1.180693135,1.19194958,1.174378652,1.136274945,1.083048403,1.018640308,0.946626727,0.870833264,0.79550507,0.725162848,0.664299679,0.61704905,0.586908326,0.57656253,0.587827775,0.621711034
2.217715645,2.478393826,2.712937683,2.924678923,3.117062283,3.293005661,3.454217033,3.600658229,3.730250209,3.838847697,3.920505922,3.968097993,3.974359305,3.933346391,3.842057623,3.701724669,3.518368009,3.302632669,3.069108731,2.83496799,2.617077154,2.425700533,2.255608773,2.086700933,1.898197645,1.677132846,1.416622696,1.112883975,0.763732219,0.367882602
2.110976969,2.359494051,2.58165756,2.781714312,2.964420089,3.134033433,3.293291203,3.442671941,3.580016019,3.700458066,3.79664684,3.859339773,3.878593747,3.845739067,3.755865762,3.60982469,3.414745227,3.183370541,2.933275969,2.685905618,2.464908422,2.290222535,2.155921192,2.023088851,1.861061,1.65858677,1.411352335,1.117137606,0.774805696,0.383854781
1.97745427,2.212454325,2.420004502,2.605527459,2.77565026,2.936505742,3.092203395,3.243912773,3.389480574,3.523380523,3.636856857,3.718323671,3.754463069,3.732761134,3.645595015,3.493885574,3.287223958,3.041219215,2.776391952,2.517562399,2.292050446,2.1356919,2.054955562,1.961878685,1.821594551,1.633236658,1.39548181,1.107392876,0.768832676,0.380111751
1.819890129,2.040242303,2.23063892,2.398095902,2.552020327,2.701083564,2.85104268,3.003808085,3.157224781,3.305186389,3.437756996,3.54113582,3.598014774,3.590166633,3.50534079,3.345665057,3.127379779,2.870954578,2.599782332,2.344161548,2.12995474,1.987355947,1.976096034,1.90676136,1.780310753,1.601427855,1.369140771,1.083436414,0.745312954,0.356002425
1.641119835,1.846371528,2.016853203,2.162067609,2.295764152,2.429764483,2.571496333,2.72344579,2.883216607,3.044058881,3.195301991,3.321838043,3.402610638,3.410917561,3.324292486,3.146588109,2.912882842,2.654070787,2.3910541,2.168111329,2.015081791,1.931410965,1.904315724,1.848576362,1.734165988,1.561712818,1.331060462,1.043799392,0.702669127,0.310025502
1.443132528,1.634397699,1.782045231,1.900686244,2.010781683,2.126989338,2.258161473,2.407160293,2.570705939,2.740747671,2.906122867,3.052296832,3.157378895,3.18504252,3.088646793,2.863834226,2.594294341,2.347831754,2.114097799,1.969052553,1.922706335,1.892648705,1.855161184,1.792186773,1.682340196,1.512458812,1.278991071,0.985785515,0.638257842,0.239914657
1.224103617,1.405819794,1.52745245,1.618208822,1.704649741,1.801477576,1.920145057,2.064500092,2.229004628,2.402226323,2.571411503,2.724113271,2.843790005,2.894160497,2.788016818,2.461533249,2.078726771,1.842699051,1.69418687,1.755051842,1.849524231,1.850627213,1.793858497,1.72394144,1.620291073,1.451077329,1.209298184,0.905215874,0.54845435,0.142900491
0.972073126,1.14746511,1.247077754,1.326305715,1.393958754,1.468443066,1.572181258,1.711938953,1.876601709,2.046950089,2.205195657,2.339062668,2.439595732,2.485697532,2.389301062,1.945596775,1.417183854,1.016192436,1.18263658,1.560282112,1.812264447,1.768115717,1.667890792,1.61757419,1.542022018,1.374267361,1.115910076,0.796188661,0.429204112,0.016312774
0.703562625,0.824059845,0.968473596,1.068971928,1.110858236,1.149174163,1.233830116,1.373555408,1.543106152,1.709026056,1.844644634,1.932283554,1.964521602,1.930905608,1.764410058,1.396279711,0.981837897,0.787183052,0.983689427,1.476125008,1.752591848,1.517975623,1.422634595,1.463910923,1.450910006,1.27691871,0.988527526,0.652584167,0.277822939,0
0.558894613,0.640407801,0.850930434,0.931429966,0.892852144,0.863043564,0.927015273,1.081506825,1.268075591,1.435011826,1.550898419,1.5872454,1.527402644,1.397239177,1.2127457,0.963870526,0.745089627,0.796202755,1.210046411,1.412517903,1.377633456,1.082262141,1.146691001,1.290852139,1.338014603,1.137645727,0.818363428,0.475889036,0.095191904,0
0.635132601,0.842118627,1.015479409,0.948223369,0.744854793,0.618482719,0.679945836,0.881288898,1.095092507,1.265654587,1.385387754,1.418901116,1.29248451,1.063892841,0.908511779,0.746445177,0.602674936,0.661169887,1.05126071,1.2308559,1.178753514,1.045719348,1.050674951,1.12476081,1.113525866,0.928984855,0.625503646,0.273138689,0,0
0.749422513,1.051146714,1.242390275,0.992146439,0.631160287,0.434925416,0.562770367,0.845789465,1.055366734,1.200624819,1.350381313,1.505900742,1.522148859,1.195589304,1.06877364,0.796647884,0.606185206,0.628210004,0.846793225,1.019882974,1.070289492,1.063892841,1.004675839,0.96110549,0.869805495,0.674816621,0.384644275,0.031989913,0,0
0.726349563,1.009561847,1.114656644,0.916106701,0.585713957,0.413099527,0.749223922,1.025521941,1.122995818,1.173557613,1.329622775,1.681771769,2.117479627,2.377585173,1.546160175,0.930644858,0.648370761,0.600172293,0.699637827,0.822892644,0.897288762,0.907799534,0.849131729,0.750668978,0.605374703,0.388967673,0.098245932,0,0,0
0.551355853,0.793038255,0.881939306,0.798488355,0.669184562,0.741617937,1.106738448,1.228526831,1.163247121,1.108247015,1.20212853,1.624461165,2.071930848,2.089091667,1.371392012,0.869618571,0.610379929,0.52446526,0.550725572,0.61582161,0.662096178,0.658278166,0.593736824,0.47434861,0.30104873,0.066974147,0,0,0,0
0.272237741,0.498460848,0.614796388,0.639196893,0.662502353,0.799691533,1.009930097,1.077545395,1.019199863,0.978963079,1.080010809,1.361730162,1.606149243,1.522061149,1.099689063,0.718866053,0.494566206,0.390860944,0.368582595,0.381593414,0.387695973,0.357671093,0.276960088,0.1420151,0,0,0,0,0,0
0,0.148718454,0.296206183,0.384561499,0.461792001,0.56417415,0.659133169,0.692991511,0.698902216,0.729173319,0.832600123,0.998260832,1.106856765,1.028180184,0.778577083,0.509197218,0.313704818,0.198530016,0.14131403,0.111413411,0.078413288,0.018332905,0,0,0,0,0,0,0,0
0,0,0,0.032124508,0.119850793,0.187663608,0.223070443,0.23085773,0.294179583,0.375580173,0.476952806,0.58116298,0.629841319,0.569791437,0.412224125,0.223879204,0.061768194,0,0,0,0,0,0,0,0,0,0,0,0,0
0,0,0,0,0,0,0,0,0,0,0.062200521,0.135104097,0.160619197,0.116769075,0.010648953,0,0,0,0,0,0,0,0,0,0,0,0,0,0,0
0,0,0,0,0,0,0,0,0,0,0,0,0,0,0,0,0,0,0,0,0,0,0,0,0,0,0,0,0,0
0,0,0,0,0,0,0,0,0,0,0,0,0,0,0,0,0,0,0,0,0,0,0,0,0,0,0,0,0,0