1.416162018,1.584667782,1.721945008,1.829116344,1.91077927,1.956449709,1.959616009,1.917821525,1.833559533,1.715789031,1.579342457,1.441146599,1.314453934,1.203880245,1.10448047,1.009506884,0.928629575,0.894072128,0.928374491,1.006269504,1.069732588,1.080536955,1.035240007,0.946168381,0.8274107,0.691065946,0.547269465,0.403927939,0.26475732,0.128023918
1.519997245,1.693053306,1.835285478,1.947447429,2.029683795,2.074843046,2.074442323,2.022666033,1.919601751,1.77543465,1.611003342,1.451788543,1.31763071,1.213628283,1.125816284,1.026380979,0.914754974,0.859652245,0.930719306,1.089035363,1.210461946,1.240165436,1.195734556,1.103503264,0.982215443,0.844806823,0.702054712,0.564182999,0.436498202,0.314489691
1.590616107,1.768594416,1.916002765,2.032307126,2.116339988,2.163009995,2.162911806,2.104857889,1.982923959,1.806970653,1.606890466,1.422616315,1.28509768,1.200518563,1.146594369,1.062945641,0.896366336,0.776915366,0.877701758,1.171408497,1.355551537,1.387402622,1.337320866,1.243469951,1.124895487,0.992015848,0.853704197,0.72313979,0.611228255,0.506672657
1.621769244,1.802968084,1.952768498,2.069881552,2.154684789,2.205538103,2.21301847,2.157853698,2.020890963,1.807105356,1.560599945,1.346405197,1.214709907,1.168308851,1.158682213,1.128952503,0.92960834,0.719112264,0.748905867,1.248428822,1.468033626,1.494688909,1.44349057,1.358612501,1.255579412,1.139691482,1.01569879,0.895525217,0.803426366,0.714337942
1.607148808,1.788346763,1.935743147,2.046805095,2.12595487,2.180047913,2.203947051,2.168636287,2.028307498,1.770397046,1.463335691,1.214032418,1.110003711,1.161710722,1.241470595,1.199022532,1.20896068,1.059575993,0.845489502,1.321235345,1.533628781,1.545301195,1.502676009,1.445163583,1.376627645,1.295028726,1.202400817,1.109335461,1.026587159,0.943825924
1.540968368,1.718015866,1.857134245,1.950804077,2.009013746,2.05666869,2.101172107,2.108023053,1.990340515,1.682344168,1.305034685,1.015859774,0.958222196,1.22597218,1.637545941,1.844394957,1.892051157,1.939728645,2.107486725,1.781296766,1.601317801,1.531897588,1.512432801,1.507507011,1.49423942,1.461622341,1.409333097,1.344333229,1.272686848,1.192281133
1.41810809,1.585527311,1.711620604,1.773574249,1.783755477,1.80541604,1.862292866,1.909419945,1.846411228,1.497929633,1.089805706,0.775878797,0.728625275,1.257012992,2.253292491,2.62038884,2.482164038,2.300455636,2.104569145,1.704172933,1.454358081,1.420592843,1.482926857,1.563184742,1.621991056,1.64500807,1.632826416,1.592755016,1.531784,1.45260102
1.235690273,1.382078109,1.491280681,1.511509773,1.431911827,1.41844179,1.489216646,1.534133083,1.44886341,1.191931618,0.874912027,0.617877234,0.569076064,1.112108231,2.825642824,3.025934827,2.570094371,2.016936867,1.542401318,1.153974295,1.113410515,1.257422123,1.460676661,1.647621732,1.7818588,1.85546715,1.875387827,1.853097568,1.798643372,1.718258083
1.001553306,1.102031906,1.164846662,1.13878727,0.925390086,0.949080613,1.094249656,1.138476637,1.036026071,0.892646695,0.758504861,0.668622446,0.767926359,1.380655398,2.411442033,2.68357875,2.177024261,1.462329626,0.976261153,0.742600493,0.85825511,1.178184789,1.523502631,1.805865637,1.996955285,2.102186411,2.138601849,2.123055095,2.068412486,1.98306564
0.750103138,0.786089743,0.757176272,0.604679143,0.384939909,0.597291736,0.864247132,0.913857587,0.731423646,0.713584019,0.79254486,0.86889444,1.036278263,1.415240151,1.871514312,2.017861605,1.607968029,1.057462371,0.628696857,0.509148864,0.815798856,1.291016289,1.735031316,2.068620769,2.276597103,2.383801892,2.417064827,2.396051145,2.33415408,2.240049019
0.5398593,0.537358216,0.484190314,0.400763779,0.383410252,0.594050108,0.867863094,0.948039804,0.60661912,0.737648012,0.97227381,1.091352897,1.197037697,1.326069261,1.398565681,1.25100106,1.164718042,0.902385268,0.629222814,0.591470003,1.118957546,1.636838809,2.103012654,2.424406349,2.600189495,2.681125008,2.695502785,2.660206457,2.586308882,2.481149709
0.418300691,0.433249223,0.433222353,0.502952441,0.630293663,0.810179891,0.957793156,0.953277303,0.82669473,0.940568466,1.178090572,1.188208826,1.192346116,1.248146411,1.305459675,1.294997296,1.227471783,1.106919701,1.04896903,1.263188124,1.787150502,2.095026255,2.544021606,2.791062346,2.91276305,2.959842605,2.951807768,2.900480839,2.81396912,2.697926937
0.38787244,0.471641619,0.581298292,0.758152935,0.971689044,1.118074566,1.109547591,1.05411252,1.003586054,1.041671677,1.081502066,1.041455095,1.039842763,1.154265672,1.376663755,1.591279507,1.5424102,1.489243587,1.560864615,1.831761364,2.217492905,2.534807665,2.846405451,3.058463991,3.158859338,3.187895386,3.165681209,3.103132201,3.007249988,2.88284007
0.404395953,0.561091458,0.756032326,1.00538636,1.278363348,1.451632977,1.289863586,1.173500086,1.128869791,1.022753392,0.860435968,0.743349529,0.793071265,0.994117856,1.327990989,1.613053217,1.729600075,1.798323966,1.943647559,2.199635461,2.512013186,2.804582423,3.054614304,3.232597783,3.326457198,3.352148102,3.326187401,3.259555004,3.159372385,3.03041667
0.414183321,0.61694601,0.850597901,1.115496836,1.377206173,1.543977744,1.492168665,1.09883666,1.093558073,0.88070093,0.614659971,0.444070101,0.584805825,0.880848169,1.229678874,1.549376546,1.78149381,1.966689368,2.172899351,2.425573982,2.701845457,2.96261347,3.180737543,3.338022144,3.427490341,3.455271893,3.432020206,3.367083904,3.267370983,3.137762905
0.383041954,0.600383924,0.82922988,1.056047757,1.238417946,1.293832264,1.094773234,0.701322556,0.675070276,0.589335148,0.423550324,0.35098266,0.496051489,0.793787403,1.142981704,1.48054613,1.773760602,2.031806269,2.283431346,2.543430061,2.80318033,3.042014724,3.240664549,3.386161229,3.473418163,3.504900239,3.487149222,3.427304378,3.331464315,3.204345158
0.300122484,0.509322392,0.708546181,0.876677068,0.971884268,0.933685409,0.72378867,0.466654841,0.374234199,0.336723575,0.291463714,0.31529485,0.473540416,0.748588704,1.081106606,1.420997136,1.740689757,2.035790691,2.31452771,2.582386435,2.834952423,3.060768377,3.247525975,3.386243984,3.472968775,3.508589215,3.497159963,3.443906038,3.353875903,3.231350114
0.170515851,0.361447056,0.52660081,0.645589771,0.688755601,0.628933948,0.475500578,0.309955593,0.219278398,0.194839073,0.212834156,0.295563557,0.4697124,0.72901098,1.04122727,1.371620828,1.696345039,2.004854651,2.295139655,2.566396429,2.814529528,3.032220759,3.211488139,3.346167536,3.433227092,3.472846141,3.467583054,3.421216339,3.337779255,3.220981173
0.005989402,0.178391873,0.317058922,0.407000643,0.432156377,0.386026818,0.287708346,0.185467072,0.125693066,0.122092949,0.173467672,0.286959282,0.470592776,0.718875624,1.012487114,1.327832018,1.645417512,1.9528645,2.24343129,2.512644655,2.755719224,2.966973083,3.140726406,3.272547983,3.360070267,3.403130309,3.403350722,3.363453388,3.286596388,3.175893623
0,0,0.10021961,0.178747658,0.206144842,0.18498231,0.132946254,0.080515347,0.057091456,0.079102012,0.15300357,0.282858342,0.469974835,0.708594604,0.985463317,1.283846583,1.588127893,1.886254459,2.169730425,2.432263689,2.668425501,2.873101936,3.041719139,3.170787282,3.258325455,3.303955331,3.308669417,3.274408132,3.20360555,3.098814719
8.790939727,8.471226226,8.082103583,7.599021224,7.00715793,6.311219443,5.539621243,4.738487926,3.957878511,3.238708626,2.60887118,2.089603038,1.70050298,1.448910017,1.315533766,1.259780299,1.235891462,1.206942244,1.155881146,1.088202253,1.021944756,0.973066837,0.947269605,0.940569237,0.944202463,0.949350044,0.949773602,0.942417419,0.926751118,0.903668742
8.420269831,8.157828578,7.823895443,7.37948999,6.794809974,6.068658093,5.239348843,4.374941019,3.546910821,2.804476899,2.167821445,1.64786071,1.272408423,1.065499967,1.000470637,1.018124432,1.055634666,1.060523359,1.011272473,0.927107193,0.846387042,0.796454716,0.782341127,0.793178497,0.81324126,0.829517954,0.834575467,0.826233885,0.805742873,0.775729218
7.996411905,7.802952781,7.545392626,7.164142802,6.601683639,5.841680267,4.937213254,3.994660751,3.123457557,2.386013181,1.7800659,1.276966568,0.907766602,0.750149834,0.757555873,0.852393861,0.958173138,0.994891363,0.926541971,0.800168074,0.692028404,0.643068257,0.649752248,0.686558358,0.727212203,0.754237181,0.760313288,0.745862687,0.715398431,0.674136519
7.489429008,7.370146442,7.212022932,6.930959183,6.418571771,5.62094377,4.613353706,3.567927938,2.659873184,1.979111516,1.486345917,1.06472312,0.688694715,0.563862346,0.60503476,0.758483808,0.938103531,1.011327454,0.891165433,0.687617051,0.544499983,0.511159724,0.55697905,0.631111328,0.695216492,0.729513845,0.729665745,0.701266085,0.654001806,0.596558305
6.866141997,6.807631926,6.761486827,6.631707479,6.222562641,5.386011469,4.238800773,3.056853873,2.112943866,1.553973599,1.295286192,1.089852663,0.773816934,0.542361269,0.524017211,0.699636606,0.948848998,1.078226566,0.871937337,0.561870924,0.395604498,0.414440164,0.524571591,0.643886393,0.72793551,0.760079952,0.742900605,0.689837121,0.617627721,0.539241201
6.104286236,6.058741594,6.091017651,6.153843031,5.949078223,5.07490646,3.777899651,2.452463613,1.46170218,1.076135524,1.119907559,1.232732534,0.942489098,0.568326042,0.448130933,0.632589214,0.935075988,1.098026905,0.876921415,0.422033807,0.279031995,0.404846024,0.589707671,0.743546553,0.831363236,0.844235088,0.794741629,0.705304993,0.59999416,0.497651164
5.219554885,5.109996007,5.096285964,5.244388218,5.364074707,4.49075315,3.203852335,1.877271096,0.851386786,0.645228781,0.884248381,1.242811717,1.172709399,0.598086042,0.362308573,0.574986577,0.932894727,1.173046547,1.053718328,0.367290974,0.36008688,0.578309371,0.785979449,0.930528644,0.993469278,0.964939863,0.869961673,0.738388536,0.595471859,0.468808436
4.284018507,4.065267346,3.89559341,3.830355406,3.959619698,3.488789189,2.554196218,1.527904938,0.742353188,0.470516003,0.675216438,1.3909719,1.941084002,0.855386496,0.419643334,0.607524906,0.983468028,1.220257704,1.125130733,0.82039579,0.813162235,0.964546341,1.083501562,1.153714426,1.164687574,1.079296838,0.939187283,0.773274864,0.603873145,0.447427365
3.394968693,3.09518007,2.850666329,2.732588072,2.715975523,2.471422877,1.941262344,1.324822042,0.810907037,0.505632582,0.551211632,1.293618679,3.122756481,1.521076711,0.596787986,0.738492151,1.133861545,1.328765682,1.266474633,1.215852953,1.353521572,1.388896857,1.34640387,1.309352022,1.251033534,1.13197722,0.966303577,0.780303118,0.592635326,0.414498665
2.619457205,2.278528731,2.012347164,1.869805591,1.811887346,1.686758447,1.434007533,1.144003464,0.896004949,0.632011565,0.668608997,1.266433888,1.787564026,0.718587399,0.480170345,0.868980524,1.367679149,1.485552888,1.319261368,1.293345094,1.634931564,1.52575336,1.384467304,1.308271697,1.229524612,1.098411952,0.927389754,0.736814559,0.542280016,0.35332649
1.987478137,1.624784609,1.339340694,1.195594923,1.1836876,1.163462671,1.055936569,0.926349817,0.787995016,0.665031794,0.716875599,0.962651617,1.018406271,0.641769531,0.531808159,0.861898372,1.436263919,1.517227599,1.193293333,1.088777864,1.185797205,1.141326221,1.114522776,1.128892613,1.085185302,0.972309824,0.815306119,0.634862674,0.445387819,0.256176071
1.513610721,1.148432433,0.841441154,0.713313168,0.841071654,0.958422252,0.892102718,0.801851208,0.685029079,0.623834835,0.69042725,0.785203083,0.871817678,0.85267961,0.651430037,0.599461056,0.732028484,1.322253942,0.908560753,0.708469154,0.633952347,0.560699701,0.699517785,0.842313766,0.846099581,0.766504078,0.637349612,0.478247689,0.303338664,0.122385588
1.195931274,0.869963765,0.575047944,0.476151109,0.836782467,1.129393677,1.063657038,0.86710642,0.690870691,0.609333515,0.733283758,0.720232895,0.843565464,0.853959115,0.6812263,0.511401857,0.555603111,0.7783702,0.633770565,0.4171344,0.288117266,0.251077059,0.361153039,0.498855646,0.54675541,0.507865165,0.411922808,0.279132352,0.123856593,0
1.007002519,0.751788677,0.588155924,0.661684423,1.060757943,1.445142031,1.258973199,0.993728383,0.808666899,0.745120251,0.795834022,0.843228799,0.914536715,0.869325787,0.711486784,0.546504284,0.485422972,0.482251879,0.378979263,0.216760949,0.09603386,0.060935854,0.117219834,0.203614336,0.249479511,0.23289851,0.162865848,0.053725183,0,0
0.915261577,0.746663398,0.698355042,0.835590049,1.132079971,1.334795303,1.213254333,1.050930033,0.931652306,0.890746378,0.919842274,0.969730657,0.989980104,0.915104757,0.756488582,0.582337863,0.447510275,0.340062819,0.213670125,0.073953734,0,0,0,0,0,0,0,0,0,0
0.876556154,0.771917556,0.773975139,0.893518966,1.074473235,1.181919358,1.147017833,1.068357527,1.011661029,0.999190662,1.02816543,1.066981041,1.060889301,0.960717725,0.78984722,0.59874364,0.421337458,0.261913106,0.110203486,0,0,0,0,0,0,0,0,0,0,0
0.853399138,0.784147337,0.797149459,0.882292704,0.994737188,1.069470992,1.079528116,1.057805545,1.042488588,1.050795562,1.080535991,1.110077139,1.09531045,0.970350699,0.787391547,0.585043781,0.38659917,0.201666798,0.032277821,0,0,0,0,0,0,0,0,0,0,0
0.826173872,0.772945214,0.781597818,0.838210115,0.91303944,0.972643858,1.002389127,1.012813758,1.021944579,1.039508235,1.061930542,1.070608167,1.029964793,0.909920601,0.73340239,0.532882485,0.329315129,0.134687767,0,0,0,0,0,0,0,0,0,0,0,0
0.787523016,0.739740948,0.739777695,0.775354774,0.827114521,0.875759384,0.911296983,0.935355932,0.954393256,0.971319821,0.980693136,0.967267246,0.909435251,0.794271457,0.631491307,0.441842198,0.243454481,0.048965929,0,0,0,0,0,0,0,0,0,0,0,0
0.735716814,0.687974068,0.678703954,0.698118522,0.733087057,0.771035517,0.804035953,0.829746433,0.848439181,0.858685806,0.854393905,0.824518945,0.756702984,0.644853106,0.494211577,0.317698623,0.129250059,0,0,0,0,0,0,0,0,0,0,0,0,0
0.699411547,0.769267238,0.812758389,0.830036022,0.823144349,0.796266837,0.754964701,0.704799311,0.650133471,0.593668444,0.536812535,0.480676473,0.427271413,0.380007873,0.343106474,0.321055302,0.318584134,0.340006023,0.386946216,0.456169601,0.541532637,0.639561184,0.752983618,0.899328589,1.115535791,1.246100664,1.064726414,0.930694582,0.831998865,0.691486303
0.690359788,0.761223044,0.804266143,0.818452807,0.805579914,0.771049077,0.72251083,0.667331398,0.610605689,0.554588529,0.499448136,0.444838782,0.392150795,0.345577112,0.309962736,0.289808434,0.290696678,0.319745138,0.381015475,0.4672323,0.561520154,0.653671605,0.74526102,0.846211467,0.954905912,0.975601244,0.848629475,0.865409053,0.830535532,0.699581277
0.668139933,0.741950226,0.786900598,0.799624351,0.780991702,0.738352574,0.682805726,0.624353335,0.568826051,0.517451463,0.468542888,0.419701595,0.371243407,0.330037804,0.301567393,0.288695994,0.296807165,0.338720591,0.429405506,0.559700698,0.685636658,0.781043364,0.852427125,0.886630609,0.88523484,0.899053357,0.984286438,1.012876566,0.925722484,0.742295408
0.629425888,0.707828104,0.757868832,0.771706254,0.747470135,0.696024169,0.634171187,0.575221833,0.525297999,0.483349016,0.444549105,0.405217409,0.364488156,0.335874158,0.323833018,0.326496155,0.345111345,0.39815438,0.531726873,0.758882256,0.970551375,1.077672079,1.138341611,1.09726542,1.018006812,1.024625301,1.306836605,1.254574688,1.048454605,0.777213994
0.569600101,0.652124998,0.710855512,0.730279914,0.700512306,0.640479493,0.575546668,0.521141298,0.482898975,0.455716237,0.429197594,0.397166368,0.370501032,0.364660656,0.382166034,0.412894766,0.448050651,0.497993107,0.655849091,1.054803602,1.501039331,1.668376923,1.672109242,1.436465244,1.30265282,1.415630995,1.504637687,1.36024363,1.07372032,0.736697363
0.484732841,0.564148156,0.630813745,0.663950043,0.628163339,0.567049742,0.51059984,0.469285659,0.450457618,0.441839096,0.42963624,0.40384453,0.392743812,0.41852138,0.480832926,0.554084389,0.615580887,0.66680789,0.772798061,1.326214049,2.034469323,2.611194849,2.189716685,1.667434007,1.333905458,1.572740078,1.495917972,1.255237421,0.935788456,0.577073737
0.378582104,0.437451628,0.484469428,0.531688929,0.500939515,0.478158904,0.458375198,0.441904664,0.449177872,0.455388502,0.449614999,0.434694623,0.438957156,0.501344342,0.625402605,0.750843918,0.829446105,0.881384327,1.019559724,1.399517131,1.853377958,2.018205425,2.016333726,1.895020876,1.103526694,1.159113082,1.150309273,0.939055774,0.639550143,0.296971209
0.271074602,0.302027757,0.293328642,0.265683532,0.342770564,0.410202064,0.454146294,0.482172243,0.504945112,0.518004477,0.519445105,0.516184158,0.530504548,0.624301524,0.833824457,1.009357543,1.059556116,1.040260798,1.056010723,1.145375508,1.350758314,1.106368303,1.539148092,2.551077604,1.685530712,1.032402338,0.753851297,0.514349522,0.239079547,0
0.187452872,0.216704853,0.207423753,0.215111424,0.304043014,0.420832068,0.518255279,0.583481088,0.617836488,0.632835488,0.64703326,0.674467211,0.72226158,0.836623907,1.154112577,1.338556461,1.266222813,1.07717514,0.819675135,0.666790315,0.89611429,1.102337468,1.65436806,2.150079446,1.515446845,0.761705606,0.340466405,0.058362454,0,0
0.129741562,0.185783207,0.210602865,0.262680189,0.371334939,0.514449289,0.650004322,0.74119654,0.773798776,0.775432232,0.800803035,0.886076464,1.03215503,1.250702437,1.552048978,1.681518193,1.360219743,1.063688993,1.013759401,0.858639479,1.236073479,1.379793442,1.657445416,1.722832077,0.819817185,0.24679271,0,0,0,0
0.081384734,0.160737248,0.234388358,0.33530677,0.475791968,0.650420381,0.829547551,0.947960356,0.955503131,0.900442473,0.907974843,1.047506313,1.285143233,1.506453594,1.618349166,1.697574377,1.197635978,0.885332823,1.69902032,2.862914801,1.982565785,1.437805289,1.305605815,1.038902352,0.385438769,0,0,0,0,0
0.04352433,0.148057938,0.263259596,0.414392338,0.576506522,0.776246986,1.021804226,1.197949199,1.154954461,0.95584491,0.890651924,1.057676402,1.335887477,1.499279737,1.178270354,0.677373648,0.923714748,1.292220354,1.462372541,2.010981535,1.38256073,0.972492143,0.738422802,0.416688121,0,0,0,0,0,0
0.020630061,0.159531388,0.312530994,0.517583644,0.648069905,0.827597556,1.167131634,1.473304284,1.392521719,0.891630429,0.733570486,0.93304069,1.190678627,1.253900528,0.974220325,0.707940102,0.815395425,1.047955557,1.095750864,1.08087688,0.750799134,0.430410524,0.181416431,0,0,0,0,0,0,0
0,0.188198135,0.406912201,0.629250526,0.6689557,0.771238804,1.189098358,1.617626154,1.64858222,0.716300011,0.616717994,0.849262992,1.068871525,1.11592213,0.967654911,0.803055126,0.762877191,0.777350917,0.715163195,0.552382067,0.283224612,0,0,0,0,0,0,0,0,0
0,0.161724062,0.378822306,0.549296846,0.621704572,0.744846439,1.058882744,1.40213318,1.385573986,0.938966375,0.7980598,0.95043542,1.10040307,1.116312727,0.988702472,0.821785918,0.685458744,0.563544586,0.404329397,0.184901254,0,0,0,0,0,0,0,0,0,0
0,0.059746944,0.254889061,0.405777602,0.51063394,0.634225917,0.834462047,1.088105614,1.154764873,1.048514992,1.022393703,1.121426374,1.234492064,1.156151718,0.984806592,0.781794084,0.578623276,0.373541902,0.147420023,0,0,0,0,0,0,0,0,0,0,0
0,0,0.088660136,0.239531676,0.364478758,0.494960828,0.663490632,0.853118762,0.973459173,1.018867612,1.068071804,1.143904162,1.180261184,1.088256194,0.902099052,0.675152052,0.432328398,0.178974083,0,0,0,0,0,0,0,0,0,0,0,0
0,0,0,0.053895818,0.195207817,0.337483943,0.49534277,0.658114523,0.792743095,0.888903691,0.962838943,1.013956921,1.007512462,0.909371404,0.729225985,0.498099922,0.238604809,0,0,0,0,0,0,0,0,0,0,0,0,0
0,0,0,0,0,0.148107398,0.300974525,0.450787908,0.582730188,0.686484081,0.758401058,0.789397571,0.760689792,0.657715326,0.484519189,0.258328454,0,0,0,0,0,0,0,0,0,0,0,0,0,0
0,0,0,0,0,0,0.069763569,0.209596939,0.331803671,0.427099706,0.487036299,0.501583828,0.459320042,0.353154927,0.185529185,0,0,0,0,0,0,0,0,0,0,0,0,0,0,0