0.125152869,0.144657236,0.178967714,0.245386744,0.324558462,0.408196845,0.496877728,0.59699432,0.719354118,0.873505831,1.034871212,1.140023162,1.205662676,1.252118185,1.292866287,1.333653476,1.367220552,1.379674338,1.357493657,1.291762536,1.182861561,1.047477415,0.918761027,0.82511555,0.767879438,0.730647012,0.697564493,0.655326535,0.586770249,0.478101998
0.238462956,0.252788058,0.281067638,0.328512446,0.384175785,0.438622702,0.491624713,0.55002319,0.626339245,0.742141157,0.924632549,1.057518284,1.161089815,1.226101108,1.292025315,1.371804953,1.449387969,1.502037891,1.510894217,1.461730264,1.346884661,1.180478087,1.019002285,0.920391596,0.874256418,0.843898597,0.811823776,0.773922538,0.711447646,0.593974844
0.356190267,0.36747301,0.389380537,0.420224107,0.450515223,0.471647613,0.483635504,0.494016229,0.512781584,0.548516933,0.635919571,0.938641169,1.087356685,1.152101453,1.250634446,1.388042112,1.524317219,1.626688728,1.676227885,1.658684599,1.554683494,1.35211551,1.132171976,1.039063629,1.010622327,0.975149104,0.918220532,0.858149326,0.798150301,0.667196777
0.468632825,0.474518804,0.489634368,0.508844463,0.518722985,0.508553447,0.481776889,0.453084307,0.441689604,0.477868182,0.638657479,0.930029154,0.98589955,1.022841343,1.180507401,1.40021003,1.601999903,1.75092724,1.838525051,1.863477978,1.809999288,1.616373819,1.30135417,1.230479479,1.206139709,1.151204054,1.035348426,0.898520986,0.801461256,0.68874192
0.566598153,0.561220474,0.567610726,0.581230816,0.579563252,0.542352043,0.480789235,0.422712885,0.39686973,0.437445814,0.574349274,0.743304708,0.80755579,0.870848894,1.13805709,1.444453242,1.695699709,1.866548411,1.965805929,2.011306968,2.013099343,1.929248571,1.625394837,1.483489571,1.454008436,1.396875544,1.22485944,0.968116522,0.833011271,0.713485131
0.643917306,0.615519987,0.603771971,0.615475461,0.616140634,0.554417535,0.462081208,0.380911699,0.336816649,0.350924363,0.428993282,0.540821239,0.662441834,0.859246795,1.191743496,1.546392436,1.808893573,1.961268382,2.030460336,2.041712932,2.004705845,1.894630412,1.729292687,1.673761821,1.697172253,1.680189638,1.530448702,1.19230628,0.962473755,0.774565771
0.700928646,0.631596639,0.577612065,0.570554134,0.588283539,0.508241707,0.406564748,0.317306908,0.257478791,0.240950815,0.275672189,0.368456381,0.547980832,0.857716679,1.278132927,1.677599547,1.916032121,2.017032835,2.032648309,1.98394344,1.87609117,1.725811004,1.65084315,1.77979433,1.890031388,1.8185117,1.708202362,1.395559459,1.090454772,0.819368095
0.744302273,0.621806366,0.500153956,0.428880069,0.422316498,0.390767235,0.323325056,0.246695793,0.181623979,0.144438389,0.149561901,0.221442122,0.419744725,0.801784015,1.295531681,1.749722958,1.945443893,2.00689374,1.99036846,1.912549329,1.783597599,1.635136125,1.600645781,1.960960914,2.13325389,1.759151376,1.189924479,1.252416372,1.013640873,0.762895267
0.777536194,0.628210678,0.458150443,0.313389301,0.30047285,0.301495452,0.265962127,0.203649544,0.139863178,0.094637271,0.085191185,0.136561695,0.307804942,0.712099791,1.193405773,1.60492878,1.833629714,1.919345079,1.921332123,1.869915059,1.794243814,1.753869053,1.883961955,2.255918952,2.467836142,1.870369201,1.173687925,0.841017365,0.756803818,0.629036501
0.84612563,0.702822137,0.550960984,0.424727754,0.357313156,0.33673205,0.286386387,0.217405094,0.154286223,0.111994829,0.106350389,0.165487262,0.340493278,0.666325092,1.059384212,1.412271554,1.655370689,1.787177045,1.840441951,1.849703467,1.854798975,1.913465616,2.088051043,2.334317193,2.359699644,1.902833163,1.283845832,0.853212606,0.662212902,0.547660507
0.955843645,0.838452551,0.738248929,0.667999498,0.600701253,0.498343301,0.379813154,0.287623932,0.229819516,0.198352468,0.199902952,0.263455165,0.41622189,0.652807324,0.948104323,1.24402111,1.485802591,1.654333344,1.760783195,1.830589934,1.89637286,1.992230865,2.129795318,2.243759692,2.175626233,1.839060821,1.372560788,0.976147313,0.723231864,0.56429775
1.0877456,0.985234045,0.916497395,0.901410273,0.862872465,0.662685597,0.474289398,0.389064926,0.366088334,0.353572516,0.343713045,0.374076752,0.481488705,0.633789025,0.859751564,1.117674211,1.356426545,1.549438695,1.695153887,1.807204071,1.904660771,2.001156848,2.089247704,2.126663988,2.030784394,1.773545313,1.424230744,1.08976068,0.830273132,0.642273012
1.230144973,1.112422821,1.006615393,0.934904429,0.913378,0.631907464,0.495717001,0.516423842,0.586909504,0.602529174,0.54805873,0.483604738,0.488164283,0.599323204,0.803763286,1.048504791,1.286048966,1.491212267,1.657749432,1.790854864,1.898987222,1.985342794,2.040217053,2.03619282,1.936210221,1.732116294,1.461872541,1.184509796,0.942347357,0.746228831
1.395698134,1.252234575,1.077845196,0.828057525,0.466672182,0.470310737,0.520727125,0.740384501,0.958221246,0.997858748,0.865563801,0.66323182,0.539595836,0.623917094,0.83005535,1.066186198,1.293655967,1.494552061,1.662464827,1.797738596,1.902430682,1.975208307,2.007579499,1.983575699,1.887509119,1.719480953,1.502099175,1.269758967,1.051072737,0.859179226
1.60701036,1.463746527,1.294162443,1.100669044,0.945491552,0.762935444,0.782671273,1.193579027,1.545113189,1.563318484,1.339354336,1.026796851,0.770384073,0.837545951,1.006375375,1.200647331,1.393157895,1.568583864,1.718857743,1.840419406,1.931176946,1.987600713,2.00304349,1.968694834,1.878348984,1.735016976,1.553325762,1.354540242,1.158046199,0.975502225
1.870200431,1.75404288,1.635390396,1.530623635,1.439699392,1.356371382,1.464399114,1.85987904,2.248764038,2.179511466,1.907613446,1.601809786,1.391405582,1.298142427,1.341519244,1.450071389,1.581153879,1.711785549,1.828846882,1.924563973,1.993601408,2.031018902,2.031397969,1.989664079,1.903622842,1.776813447,1.619225589,1.444719081,1.266658437,1.094448336
2.172717584,2.091274167,2.019527097,1.967028108,1.939677153,1.96768982,2.131054978,2.433905048,2.679093845,2.64676685,2.424919805,2.164191644,1.949295633,1.804275727,1.751808638,1.773184735,1.834751612,1.911347045,1.986385863,2.048932906,2.091320761,2.107581453,2.092815795,2.043599532,1.959180601,1.842642544,1.700962558,1.543518678,1.379696564,1.216805347
2.497321885,2.447919455,2.413634251,2.40268054,2.426061475,2.50558752,2.663543542,2.869312101,3.012423602,2.995228397,2.838724377,2.625943566,2.421979018,2.261364511,2.162165333,2.122087483,2.123919989,2.148522119,2.180225873,2.207305253,2.221093052,2.215105784,2.184621937,2.126806671,2.04119317,1.930072325,1.798300685,1.65234848,1.498889724,1.343504897
2.829800597,2.806811715,2.801013052,2.819276613,2.869804279,2.961080321,3.091060958,3.22793715,3.311214623,3.293245464,3.177912549,3.007111892,2.825791666,2.665767239,2.544785035,2.466658496,2.424179403,2.40529695,2.397771955,2.39111625,2.376969261,2.348951461,2.302524423,2.235031383,2.145852434,2.036460533,1.910157162,1.771419621,1.625011956,1.475142685
3.159937563,3.156961968,3.170646756,3.20551915,3.265244481,3.349899386,3.449894705,3.540446502,3.586999521,3.564242868,3.472047059,3.332334227,3.174214668,3.022535515,2.893379515,2.793196099,2.720292507,2.668026042,2.627928198,2.591695712,2.552127661,2.503469528,2.441533876,2.363775952,2.269341195,2.159006098,2.034924362,1.900161295,1.758101621,1.611880013
0,0,0,0,0,0,0,0,0,0,0,0,0,0,0,0,0,0,0,0.032861176,0.151659904,0.220305572,0.246482497,0.26664918,0.321165298,0.420409355,0.544290338,0.667146307,0.775667497,0.867573617
0,0,0,0,0,0,0,0,0,0,0,0,0,0,0,0,0,0,0.075863714,0.269270761,0.419209088,0.486358912,0.466637881,0.424884825,0.448297938,0.553273834,0.695361635,0.828883756,0.940919282,1.035677368
0,0,0,0,0,0,0,0,0,0,0,0,0,0,0,0,0,0.013305107,0.253291586,0.509171658,0.726692352,0.821797015,0.741158873,0.583251864,0.552164471,0.661894698,0.827612415,0.96672133,1.079523525,1.179794941
0,0,0,0,0,0,0,0,0,0,0,0,0,0,0,0,0,0.110601028,0.386580518,0.721814692,1.061219397,1.261681491,1.150101014,0.791691542,0.652837323,0.723138876,0.909891129,1.050645658,1.177518456,1.295820138
0,0,0,0,0,0,0,0,0,0,0,0,0,0,0,0,0,0.163514862,0.443347035,0.842131867,1.344745767,1.765966447,1.732682224,1.157114639,0.728906802,0.689711265,0.860738747,1.059442433,1.237069564,1.390540741
0,0,0,0,0.005391079,0.055187553,0.058605645,0.030026318,0,0,0,0,0,0,0,0,0.029023884,0.195175381,0.412308891,0.797545172,1.433815004,2.09792991,2.190892696,1.191061797,0.601696378,0.579330352,0.798555936,1.062633419,1.296268893,1.485807452
0,0,0.059311067,0.228681916,0.32505825,0.3511955,0.323314715,0.263114066,0.191335282,0.123234356,0.066168797,0.020523265,0,0,0,0.009233254,0.147519646,0.277227869,0.351720275,0.598601234,1.322060823,2.112988229,1.971051693,0.759569407,0.397888135,0.532896507,0.833158966,1.141919933,1.402131226,1.606399528
0,0.146056546,0.401823154,0.579839958,0.658297195,0.648686723,0.578813488,0.480199217,0.380753599,0.299613389,0.243103589,0.205851156,0.179067729,0.158824915,0.150953079,0.189573169,0.361258026,0.487243242,0.420794325,0.369114876,1.360921664,2.291894592,1.940823315,0.928487602,0.54190369,0.721662128,1.04215192,1.336500847,1.575306134,1.762283633
0.161538257,0.487121344,0.781689003,0.956802518,0.997717533,0.934491976,0.810332231,0.666928818,0.53942209,0.452015703,0.409506163,0.396028391,0.39443578,0.400933778,0.428055375,0.506769048,0.620241602,0.659960761,0.625478268,0.298336744,1.466152523,2.651610374,2.053977537,1.082126498,0.873914109,1.130789438,1.404921843,1.618678355,1.795020939,1.940280019
0.494588614,0.893473248,1.204372163,1.343079302,1.316386352,1.181382766,0.995443893,0.806127826,0.653785463,0.569169789,0.557386787,0.579041761,0.604940153,0.633141901,0.676916352,0.744443464,0.765550733,0.513790657,0.173056126,0.407077042,1.319238618,2.094805737,1.849223814,1.208578859,1.254654106,1.600772994,1.773095578,1.895416144,2.008292912,2.110444891
0.866782251,1.303271305,1.608642981,1.673948537,1.55316735,1.344668908,1.106454809,0.881883006,0.71852751,0.6515944,0.689334212,0.744491218,0.782957363,0.80672731,0.821542794,0.811759398,0.701888513,0.429554337,0.229715438,0.477638619,1.083696353,1.582261622,1.646583012,1.553556919,1.5737118,1.798378837,1.970169189,2.077540207,2.165381052,2.24359608
1.075125881,1.537805269,1.851094245,1.810744831,1.606605184,1.371325151,1.121265397,0.882828399,0.72912078,0.724639598,0.809375836,0.877478334,0.904949589,0.904777359,0.875869444,0.802399694,0.659141009,0.47150148,0.388517411,0.562696319,0.934887599,1.278424,1.443991513,1.501528195,1.653063328,1.853561217,2.02995061,2.156677679,2.25083103,2.326045096
0.970431013,1.317662756,1.63045764,1.507637868,1.376155663,1.235475128,1.045090574,0.817433182,0.663707256,0.734604698,0.880704184,0.934520279,0.937441713,0.92105598,0.867172555,0.773513396,0.649104161,0.53284572,0.50523243,0.627384013,0.865791999,1.114836846,1.299362632,1.447074069,1.634236021,1.840897031,2.024399943,2.168268575,2.277058695,2.36011591
0.575274825,0.602426151,0.509450197,0.754137396,0.920152799,0.979707614,0.914535121,0.721941314,0.559384931,0.621894887,0.799148083,0.817120529,0.834216586,0.842710733,0.79664468,0.719604492,0.633743295,0.570603633,0.57353307,0.668959483,0.839705177,1.037160139,1.224837607,1.406975192,1.6031032,1.804814592,1.988947993,2.141984111,2.262698795,2.355623722
0.04763232,0.000420786,0,0.179838553,0.462078766,0.665384654,0.733473091,0.58059545,0.418514787,0.360303617,0.367366076,0.502780005,0.60587414,0.661867448,0.664399108,0.632684028,0.59374354,0.574681377,0.601781016,0.689069241,0.829139884,0.999656816,1.181474984,1.369569293,1.564487539,1.758747352,1.938804367,2.09439684,2.221978832,2.322704956
0,0,0,0,0.087604986,0.305887633,0.401857024,0.339614588,0.219302824,0.132389109,0.126137498,0.231866119,0.360448744,0.453550861,0.502627307,0.520323025,0.528047364,0.547825209,0.598073737,0.688511577,0.817177126,0.973795065,1.147396989,1.331006156,1.519476375,1.705360636,1.879260202,2.033348387,2.16351287,2.268989479
0,0,0,0,0,0,0.055981176,0.056220417,0.000606589,0,0,0.0439804,0.157923286,0.262722452,0.341615961,0.397829642,0.444503996,0.497248265,0.569340624,0.668422755,0.795195843,0.945018478,1.111239423,1.287509753,1.467688473,1.64488678,1.811786736,1.962137047,2.091915931,2.199408282
0,0,0,0,0,0,0,0,0,0,0,0,0,0.098040187,0.193303456,0.275603088,0.351321573,0.430205318,0.521362759,0.63067746,0.759792976,0.906690853,1.067176968,1.236138972,1.407992589,1.576756403,1.736459794,1.881927616,2.009433723,2.116856524
0,0,0,0,0,0,0,0,0,0,0,0,0,0,0.057922965,0.157249343,0.253426335,0.351911669,0.458512789,0.577421618,0.710276694,0.856197514,1.012413821,1.174971132,1.339217104,1.500149499,1.65283456,1.792913245,1.917011798,2.022892856
0,0,0,0,0,0,0,0,0,0,0,0,0,0,0,0.042153253,0.152544325,0.265239314,0.383662874,0.510535345,0.647077161,0.792808272,0.945766645,1.102895791,1.260431883,1.414263955,1.560304296,1.694857109,1.814907219,1.918254704
0.081678849,0.037713148,0.004186525,0,0,0,0,0,0,0,0.001405841,0.034866528,0.07750336,0.129805435,0.192584045,0.267007393,0.354024655,0.453240669,0.562064456,0.675176188,0.78522625,0.886603803,0.977788814,1.059211218,1.132093951,1.199113647,1.264304231,1.332219315,1.407076094,1.492218873
0.127155642,0.085951163,0.055677835,0.034602091,0.020879526,0.012937719,0.00992269,0.011985797,0.020150522,0.035750281,0.059836994,0.092972791,0.135388646,0.187296897,0.249336635,0.323080534,0.410586509,0.512313407,0.626625286,0.748390475,0.865210583,0.967004713,1.054619943,1.129820577,1.193564944,1.249425472,1.303008361,1.360351789,1.426648322,1.505598605
0.176814658,0.13859861,0.1121744,0.095344813,0.085544322,0.080379219,0.07841995,0.079896509,0.086635054,0.100947558,0.124410039,0.157624508,0.20063394,0.253240622,0.315325267,0.388015989,0.47471186,0.575542657,0.690472288,0.82424238,0.95406523,1.053554578,1.135417672,1.202520677,1.254429605,1.296483246,1.336489129,1.382386548,1.440405687,1.514334058
0.229432034,0.194259647,0.17230053,0.16088477,0.156493841,0.155399007,0.154943367,0.155163331,0.159292703,0.171517399,0.194154499,0.227779107,0.27249625,0.328210721,0.394105349,0.468662907,0.555914906,0.650916141,0.741725157,0.88969912,1.055824013,1.146923304,1.218930121,1.272855665,1.309460224,1.335083011,1.35987342,1.3942461,1.445428136,1.516708631
0.2835469,0.25106077,0.233977975,0.229322265,0.232524067,0.237905158,0.240325969,0.238474206,0.237855479,0.246591091,0.267606599,0.301112162,0.347765212,0.408772157,0.485708159,0.577734502,0.680809021,0.774407077,0.751538366,0.904079218,1.148071289,1.240981233,1.289762582,1.32804393,1.349885542,1.358126214,1.367076921,1.391445418,1.439186971,1.511898026
0.337598317,0.306653426,0.294185167,0.297361695,0.310879522,0.326866401,0.336045424,0.332342439,0.3231114,0.326146169,0.342953576,0.373915649,0.420533441,0.484176551,0.571113545,0.693323717,0.857800899,0.961346626,0.705860853,0.879996794,1.12656519,1.244341091,1.301657241,1.348449117,1.366266121,1.357654227,1.351298882,1.370030737,1.420760042,1.501035484
0.390294869,0.358497152,0.348968655,0.359721135,0.385648151,0.417662209,0.442151634,0.44375463,0.421578884,0.413002699,0.416176004,0.440868325,0.485918725,0.544136795,0.619220449,0.728481543,0.862830621,0.90895273,0.834769862,0.940678299,1.106143839,1.151262868,1.226041217,1.328069184,1.355454061,1.325371202,1.305956881,1.328897583,1.393134369,1.488712941
0.44132473,0.404665968,0.394197031,0.409358263,0.446376531,0.49722947,0.547233436,0.572336912,0.549767017,0.499563732,0.471232043,0.493353012,0.546037757,0.59722534,0.636593,0.691218059,0.779793953,0.832262968,0.848821113,0.926612976,1.007362604,0.883283882,1.05229497,1.290066167,1.316010117,1.248821655,1.228523884,1.275479703,1.366771385,1.484345658
0.492441712,0.445335731,0.427579869,0.43985316,0.479926502,0.542411879,0.615894244,0.674537843,0.654081584,0.530366076,0.470033083,0.520582969,0.611109615,0.673377089,0.68021824,0.666142702,0.725295607,0.762288121,0.759377783,0.746801334,0.669451113,0.507919192,0.872959354,1.239545345,1.207246531,1.118609236,1.138920855,1.236344391,1.362200212,1.501519082
0.548864226,0.484843831,0.451961119,0.450384676,0.47841983,0.531937426,0.600182194,0.659714125,0.638794899,0.404324315,0.381767039,0.525692109,0.690475335,0.789836548,0.792731629,0.75821863,0.747125472,0.727924711,0.670597188,0.601250468,0.657739356,0.771417579,0.897808353,0.992842466,1.050851872,1.018179241,1.120926286,1.259445491,1.403707417,1.552634912
0.62077055,0.534521341,0.478918098,0.450603829,0.449509765,0.47089902,0.497413326,0.490102329,0.365978303,0.152027607,0.301466818,0.545405511,0.767760816,0.905113869,0.891364511,0.837663708,0.783917499,0.697778086,0.637433987,0.548218489,0.787326765,1.121259928,0.992483677,0.93469001,1.098203035,1.185746045,1.259310021,1.369730115,1.498880386,1.640033547
0.720323739,0.614303182,0.527182544,0.460430813,0.418186917,0.397506988,0.378373518,0.337333174,0.263196884,0.243502014,0.406694939,0.601781854,0.75187121,0.876889229,0.822791718,0.798836651,0.767206192,0.618923118,0.52646637,0.769585848,0.763818026,0.945474567,0.898890964,0.866348147,1.286789775,1.40505587,1.449169067,1.522218876,1.626234014,1.752516012
0.85312284,0.73055623,0.61481513,0.506764595,0.418916761,0.359427453,0.299427853,0.25674213,0.274126751,0.388497251,0.57484746,0.660147644,0.620431828,0.49185276,0.57504876,0.641317716,0.643260203,0.576354055,0.579533711,0.713063277,0.765542831,0.829909887,0.869042365,0.990130913,1.292777501,1.489056877,1.57849824,1.657475535,1.754791685,1.873287676
1.021417278,0.891092293,0.760419863,0.626285084,0.497528315,0.40497453,0.266792124,0.190026557,0.24154643,0.400148034,0.570530429,0.708297248,0.62485472,0.468694443,0.460412849,0.516108294,0.547387843,0.555592006,0.596387534,0.680456098,0.755884241,0.829437085,0.92510822,1.087425007,1.31629678,1.515259263,1.651217617,1.759484455,1.868880226,1.990918996
1.222905894,1.095497497,0.968026617,0.838457013,0.710420852,0.551603794,0.25797767,0.120635959,0.148495724,0.261155502,0.428960323,0.734822933,0.666267462,0.523235575,0.463603229,0.476056131,0.509822777,0.549776849,0.608177797,0.687378343,0.775168385,0.873518595,0.998489057,1.165324185,1.36276722,1.551310412,1.708475681,1.84255157,1.970192651,2.102919401
1.448955011,1.330751208,1.215279784,1.097490122,0.958308497,0.725628283,0.343805552,0.161580389,0.122756831,0.190067981,0.339634471,0.528533417,0.568042464,0.514532558,0.477322359,0.482495021,0.516868146,0.569305306,0.638663763,0.724324817,0.823796089,0.939280252,1.077806388,1.242912249,1.425423883,1.606262359,1.772098505,1.923129512,2.067230289,2.212583424
1.687600231,1.578542664,1.474113104,1.368076413,1.244809093,1.08025931,0.851247311,0.412086546,0.248567308,0.235137137,0.293152724,0.372413993,0.452573148,0.479637991,0.489446331,0.51245743,0.555409728,0.616487977,0.694136226,0.787498592,0.896206868,1.021625738,1.166033129,1.328857596,1.503591566,1.679840602,1.849593608,2.011163658,2.167909755,2.324888796
1.928086525,1.823705887,1.723825101,1.622354091,1.507812564,1.358622448,1.112281346,0.750016052,0.497342104,0.389032877,0.364917856,0.389310059,0.442104216,0.489379189,0.527078789,0.568537829,0.622345924,0.691194553,0.775447994,0.874983026,0.989845278,1.120490376,1.267059959,1.427780827,1.598033869,1.771590053,1.943413236,2.111674805,2.277648522,2.444275109
2.163778835,2.058128738,1.954547158,1.845710609,1.718380741,1.549123732,1.308621796,1.017115171,0.767357053,0.608931825,0.530904922,0.511548014,0.530540434,0.56667569,0.609190402,0.658923556,0.719655351,0.793853606,0.882523734,0.985944348,1.104146619,1.236983066,1.38372164,1.542410334,1.709680196,1.881491155,2.054504777,2.227152147,2.39977982,2.574045811
2.392768964,2.281048849,2.168184022,2.046247384,1.903156072,1.723716797,1.499750339,1.25097492,1.023494195,0.852564226,0.745599028,0.694233507,0.684739404,0.702675048,0.737976462,0.786774633,0.848829725,0.924816324,1.015199209,1.120076826,1.239251804,1.372197067,1.517851917,1.67439606,1.83928476,2.009712734,2.183341579,2.35889112,2.536300533,2.716476706